100 5 5 7 11104
538 651
12475 12440 12678 12395 12481 5200 13500 7500 8100 10500 8800 13600 8300 8000 6700 7900 7100 9200 10200 14000 7800 6500 10000 10000 7800 7500 5300 7000 12100 5500 12800 8100 9100 6400 10900 7600 11800 10300 6200 5800 0.01 0.01 0.01 0.01 0.01 
1 288 992 117 137 150 105 142 15 74 95 44 93 96 34 90 88 49 64 54 37 80 79 25 56 94 27 20 38 99 41 95 12 31 38 70 63 26 68 55 21 54 13 2865 0.11 0.03 0.11 0.06 0.06 
2 469 686 142 125 118 131 114 68 63 49 39 52 51 38 97 39 12 34 60 36 86 56 92 48 61 56 99 91 76 89 86 33 12 55 55 69 56 60 72 96 87 53 3140 0.18 0.01 0.10 0.17 0.06 
3 936 558 131 130 124 102 149 100 60 22 99 13 69 36 16 58 54 22 65 75 42 86 13 67 72 17 20 100 48 88 67 23 13 28 79 78 52 62 42 72 88 84 3940 0.02 0.14 0.14 0.15 0.08 
4 703 123 121 121 137 115 125 88 20 67 59 71 41 96 59 70 23 76 48 24 15 76 46 22 25 30 13 21 15 34 20 48 55 58 98 29 65 15 89 57 11 99 3000 0.05 0.16 0.08 0.11 0.02 
5 481 493 115 105 149 141 108 84 38 63 86 100 71 52 42 51 92 89 49 86 17 90 58 73 52 56 77 74 18 95 15 16 66 80 50 69 64 48 68 87 89 53 3800 0.07 0.05 0.16 0.00 0.16 
6 798 614 107 135 111 123 104 66 36 40 94 61 20 63 76 31 72 55 70 35 23 72 42 71 23 46 51 52 19 43 21 45 36 95 29 82 20 98 42 29 60 48 3000 0.07 0.14 0.01 0.17 0.03 
7 24 408 108 136 125 106 125 18 93 51 20 96 81 80 54 25 25 100 95 29 81 26 74 46 37 73 91 69 90 69 52 63 16 32 67 24 69 47 19 50 27 46 3260 0.11 0.06 0.04 0.05 0.17 
8 940 702 130 103 140 114 106 11 81 83 91 49 77 42 28 56 37 11 22 64 24 11 32 82 79 29 36 71 41 19 69 26 74 75 36 18 18 26 18 46 19 77 3880 0.09 0.05 0.03 0.16 0.05 
9 471 359 141 140 120 108 106 50 21 94 37 81 33 29 54 96 76 80 31 11 87 78 95 88 86 33 13 49 80 76 31 19 96 63 84 74 77 34 16 61 15 57 3600 0.03 0.04 0.16 0.16 0.18 
10 966 762 115 106 131 105 143 21 100 25 23 48 64 93 84 63 71 99 98 68 72 53 39 49 57 47 14 19 63 91 67 47 24 80 38 79 52 99 79 68 53 53 2370 0.06 0.14 0.05 0.02 0.01 
11 295 903 125 138 142 125 131 91 55 99 56 25 29 19 85 17 81 27 44 67 95 65 73 15 18 78 17 37 18 91 46 41 95 44 55 50 54 41 27 34 49 83 2625 0.02 0.08 0.14 0.09 0.14 
12 68 468 143 111 109 129 104 53 15 31 60 41 34 29 31 21 78 26 66 62 66 54 82 94 92 26 64 98 50 100 59 31 86 94 36 98 18 50 90 93 30 35 3200 0.14 0.12 0.09 0.12 0.12 
13 412 478 131 110 125 115 126 21 22 15 74 72 45 76 93 96 56 49 83 46 98 47 88 82 66 22 57 58 86 66 89 93 83 19 44 31 48 80 92 82 55 62 2730 0.06 0.05 0.09 0.07 0.19 
14 951 483 115 117 103 117 127 17 31 32 25 40 58 100 46 55 39 17 88 45 89 25 42 30 69 93 55 71 29 16 41 52 41 96 62 26 83 61 17 40 23 11 3780 0.20 0.19 0.12 0.03 0.05 
15 115 17 150 143 145 125 115 73 33 68 27 93 81 97 73 48 90 68 99 88 45 49 51 72 23 14 61 93 55 60 82 38 13 84 51 16 71 53 60 13 50 19 2835 0.09 0.15 0.17 0.10 0.19 
16 863 967 111 102 118 137 137 14 60 31 26 52 77 70 58 59 13 93 62 39 98 44 19 34 83 28 60 83 92 82 25 31 62 63 48 22 30 94 26 58 25 26 2610 0.14 0.09 0.09 0.08 0.04 
17 503 272 142 136 138 137 128 55 48 97 14 31 74 96 88 26 25 50 25 93 24 86 39 15 11 16 71 36 82 74 19 91 43 74 70 22 66 90 94 39 47 57 3080 0.10 0.08 0.10 0.18 0.02 
18 15 579 104 111 117 126 139 51 26 88 22 51 88 55 96 45 18 31 14 94 42 45 87 21 44 44 89 57 30 47 44 74 45 97 56 22 95 59 24 82 13 89 3800 0.15 0.02 0.09 0.12 0.08 
19 248 753 145 102 116 123 114 96 81 35 46 37 53 65 86 38 70 83 45 17 56 65 70 35 67 20 64 66 75 31 18 79 68 55 70 35 94 61 62 46 77 48 2955 0.08 0.14 0.11 0.17 0.00 
20 286 26 147 119 110 115 133 79 58 14 42 75 71 68 78 46 24 33 16 39 19 89 32 97 65 70 42 31 59 84 65 83 37 55 39 64 94 98 39 64 65 85 2265 0.08 0.19 0.17 0.12 0.19 
21 747 728 127 143 106 134 134 24 41 38 17 24 28 27 44 100 85 50 90 90 14 87 42 98 14 26 90 14 67 71 64 14 88 40 72 33 100 70 98 79 49 94 3560 0.08 0.04 0.10 0.12 0.12 
22 96 520 106 143 123 106 101 68 71 87 19 36 62 37 78 40 45 17 12 60 91 30 88 93 30 43 66 29 40 17 53 56 77 20 26 80 12 14 15 64 41 62 2430 0.15 0.09 0.19 0.07 0.07 
23 571 474 112 124 107 112 104 91 56 34 18 74 58 100 100 55 18 20 70 65 51 31 18 87 61 69 79 44 39 29 35 80 79 23 71 31 56 91 56 13 90 88 2940 0.07 0.02 0.14 0.19 0.03 
24 906 300 139 104 111 141 123 37 54 13 67 49 82 95 68 37 98 80 59 29 100 19 56 68 99 95 83 56 18 73 24 45 23 17 79 60 43 67 61 76 24 79 3440 0.14 0.18 0.13 0.09 0.17 
25 900 863 145 144 137 134 108 44 77 75 26 32 78 85 91 81 69 98 59 70 19 88 69 29 63 100 62 64 36 75 83 61 51 61 42 37 68 62 20 45 98 14 2835 0.12 0.07 0.03 0.03 0.18 
26 74 778 144 102 140 134 130 23 44 75 36 97 11 23 45 73 74 95 14 20 31 71 41 68 30 96 55 98 39 49 23 84 80 56 59 89 85 41 47 85 53 70 3720 0.13 0.13 0.18 0.11 0.08 
27 490 156 102 134 116 140 123 20 56 46 64 54 66 55 40 90 33 85 100 39 35 69 72 68 22 41 49 37 25 17 40 21 59 66 61 22 96 45 27 23 89 70 3800 0.11 0.01 0.05 0.15 0.14 
28 920 262 106 106 113 111 144 94 24 39 94 50 65 18 56 28 66 74 78 85 85 30 11 48 70 70 52 62 41 52 95 16 26 97 52 20 42 64 21 58 72 28 3820 0.14 0.07 0.15 0.05 0.11 
29 36 314 125 128 114 125 141 53 33 44 57 84 18 49 64 54 12 60 57 34 31 50 41 46 21 59 11 23 39 93 75 51 60 38 25 60 20 21 95 27 59 81 2610 0.11 0.19 0.10 0.18 0.11 
30 152 16 116 139 143 124 112 56 79 25 56 54 70 84 45 34 58 34 100 22 83 84 39 36 42 19 68 57 59 28 21 33 76 79 90 20 14 39 63 36 75 60 2970 0.03 0.17 0.18 0.20 0.18 
31 214 634 129 110 139 123 110 93 56 35 60 12 40 71 12 55 57 80 44 40 89 30 13 35 94 63 56 92 100 51 49 88 18 11 14 57 90 22 58 29 44 39 2685 0.07 0.18 0.12 0.04 0.06 
32 541 140 104 109 137 125 106 17 89 67 24 42 87 75 35 24 13 36 79 65 44 39 53 49 72 81 69 60 82 44 54 83 26 11 87 89 15 60 82 92 35 77 2820 0.12 0.13 0.16 0.19 0.05 
33 110 816 150 132 113 115 120 85 95 31 15 55 100 86 15 69 27 15 17 11 55 23 88 13 47 64 80 46 45 62 38 42 60 61 82 55 65 49 61 26 87 100 2505 0.11 0.11 0.18 0.17 0.04 
34 575 183 148 143 122 106 133 50 89 82 30 35 76 64 65 95 98 25 39 94 32 94 82 18 80 44 37 86 23 61 52 54 46 95 20 45 53 67 31 29 30 69 3320 0.09 0.14 0.18 0.18 0.02 
35 566 602 143 123 134 116 121 65 46 19 54 83 82 66 86 19 79 80 80 64 76 82 97 13 11 65 47 38 96 94 16 38 51 71 14 16 22 59 51 56 76 83 2325 0.04 0.13 0.16 0.07 0.06 
36 925 747 102 128 134 131 110 50 19 59 87 99 54 44 59 72 42 30 75 99 87 57 37 93 85 72 85 69 56 84 60 93 32 68 87 39 98 19 37 51 53 28 2640 0.10 0.12 0.16 0.07 0.07 
37 903 739 114 115 104 117 120 56 50 79 40 70 62 48 73 92 75 93 78 97 31 68 57 26 72 74 77 47 19 100 93 37 100 21 44 60 74 47 82 36 46 35 2805 0.07 0.18 0.06 0.13 0.14 
38 897 740 132 119 120 146 107 18 85 15 46 83 89 54 43 80 44 53 76 50 65 48 46 36 83 70 86 19 37 75 76 61 67 52 40 36 45 71 71 85 24 14 2595 0.03 0.05 0.10 0.10 0.15 
39 334 560 125 117 141 101 114 56 31 52 41 91 33 30 98 42 83 11 71 18 37 78 59 13 91 62 30 46 13 27 99 88 85 46 70 28 73 33 19 95 14 35 3300 0.07 0.03 0.19 0.06 0.16 
40 380 615 131 122 121 150 150 89 97 14 18 94 64 72 62 59 57 60 80 87 77 72 47 46 75 72 51 72 95 39 17 37 62 23 79 20 83 19 13 46 42 23 3400 0.09 0.05 0.14 0.09 0.17 
41 771 806 117 107 119 118 132 69 16 69 20 77 61 66 29 55 80 42 33 82 51 52 53 13 84 28 24 73 46 56 56 44 79 49 41 16 61 19 44 73 36 100 2550 0.07 0.07 0.09 0.15 0.11 
42 417 563 114 124 147 142 142 85 85 56 60 19 94 95 12 91 43 50 31 42 55 12 88 16 89 87 97 69 29 85 77 53 15 40 82 24 37 11 84 31 96 100 3320 0.17 0.13 0.19 0.05 0.17 
43 475 870 120 148 106 140 130 69 76 12 65 96 28 46 56 88 85 85 69 88 60 88 44 78 45 43 61 82 83 50 22 59 12 61 74 88 75 87 84 54 32 63 2715 0.10 0.03 0.15 0.15 0.05 
44 680 114 133 127 150 101 133 26 70 85 76 52 20 58 83 68 54 95 41 76 82 62 65 20 45 80 71 15 17 96 26 64 44 51 16 72 90 48 23 99 57 27 2760 0.12 0.07 0.11 0.14 0.08 
45 38 187 127 121 127 148 114 82 55 14 14 21 43 72 20 87 12 22 92 75 84 74 58 41 31 75 73 96 61 64 94 31 35 66 55 20 58 34 30 52 95 88 3640 0.09 0.19 0.16 0.02 0.06 
46 95 633 102 136 143 123 122 46 71 92 71 29 50 31 95 51 68 60 57 36 31 59 12 18 15 52 31 48 17 21 70 77 78 20 94 81 47 45 61 48 66 94 2370 0.16 0.19 0.04 0.03 0.02 
47 777 987 142 147 115 123 147 49 63 25 31 100 69 38 38 66 49 48 21 24 80 58 92 94 75 85 87 95 39 71 83 11 12 40 74 54 51 33 54 19 22 25 3580 0.10 0.05 0.16 0.03 0.03 
48 939 572 129 102 124 135 140 12 23 52 88 69 48 26 82 26 40 74 52 42 27 27 70 100 90 47 98 29 95 67 52 71 24 51 38 25 41 65 83 79 80 21 2640 0.03 0.03 0.10 0.11 0.14 
49 37 699 148 128 149 130 122 51 12 31 11 30 44 95 47 28 61 88 17 38 12 92 47 78 33 57 89 80 74 78 93 75 29 14 59 15 80 32 86 75 78 34 3700 0.12 0.01 0.10 0.11 0.13 
50 808 844 120 107 149 130 128 78 11 69 28 42 27 91 71 27 38 75 76 59 41 42 79 81 20 64 54 66 66 29 86 80 81 63 91 25 59 38 19 76 28 28 2925 0.02 0.05 0.11 0.01 0.12 
51 324 37 126 119 140 136 122 20 30 58 64 86 18 29 55 60 47 70 51 56 84 83 92 36 11 71 34 97 19 68 57 35 97 67 29 49 38 31 34 98 50 89 2265 0.03 0.15 0.11 0.20 0.14 
52 406 490 132 145 126 104 122 49 77 71 34 35 100 43 18 67 50 36 48 56 74 38 59 72 39 100 24 90 34 90 80 80 13 95 80 33 12 37 58 63 31 11 2970 0.13 0.01 0.19 0.04 0.13 
53 83 132 106 139 119 132 138 85 76 40 60 65 78 45 57 77 19 13 56 74 36 100 45 71 83 97 92 70 100 56 18 82 68 55 23 30 14 63 84 81 98 51 2460 0.01 0.00 0.03 0.17 0.05 
54 317 627 134 132 141 117 128 59 66 72 12 87 70 11 40 45 23 84 19 27 65 79 100 55 76 50 44 49 35 29 44 14 17 79 26 96 87 28 44 19 81 89 3100 0.12 0.11 0.15 0.20 0.04 
55 996 267 143 109 134 112 124 50 34 47 83 72 59 70 93 73 21 71 50 38 29 17 62 97 49 51 96 63 40 47 31 38 43 78 35 63 33 27 87 82 48 39 2400 0.13 0.05 0.18 0.01 0.12 
56 314 740 126 139 145 117 104 57 45 40 14 60 43 43 25 70 38 54 56 72 69 50 55 60 49 45 85 58 42 30 35 18 29 31 45 27 36 41 76 30 73 34 2475 0.09 0.03 0.14 0.11 0.15 
57 443 715 132 137 107 122 109 91 33 57 37 42 92 69 78 76 42 60 72 68 76 98 14 78 33 37 21 79 21 80 33 28 22 69 40 92 49 39 33 40 59 46 2610 0.03 0.17 0.09 0.12 0.15 
58 884 433 116 141 143 130 146 30 26 32 92 94 71 12 55 81 47 23 73 100 14 90 89 12 48 34 70 71 49 27 97 41 31 90 89 68 20 93 23 42 57 48 3380 0.03 0.13 0.01 0.20 0.09 
59 948 407 120 107 134 131 138 86 73 90 17 43 52 55 100 86 80 89 36 82 18 36 31 39 82 68 76 71 36 83 49 52 16 73 17 45 96 98 40 99 14 89 3220 0.18 0.06 0.13 0.01 0.09 
60 474 615 127 113 136 119 131 63 32 96 38 92 99 26 99 67 42 71 35 84 68 43 97 81 47 47 41 49 41 25 81 48 87 31 38 52 33 38 96 83 15 32 2745 0.13 0.07 0.11 0.16 0.12 
61 574 230 105 135 121 119 150 72 53 64 64 91 30 56 62 56 53 82 83 53 85 43 42 49 47 25 81 70 45 27 51 15 18 57 32 99 86 95 89 67 50 56 3700 0.09 0.17 0.09 0.05 0.16 
62 92 631 108 116 111 121 112 43 81 67 23 50 58 20 60 76 35 16 59 66 66 60 16 62 99 61 93 56 15 84 75 64 79 19 16 51 34 86 53 81 95 70 2700 0.14 0.19 0.15 0.04 0.19 
63 26 742 124 122 102 137 147 37 83 94 82 38 66 86 40 11 52 100 68 62 51 99 55 34 55 76 78 76 88 56 95 64 69 27 97 100 90 90 89 56 76 62 2970 0.07 0.12 0.16 0.04 0.12 
64 512 724 142 135 134 121 135 86 32 68 25 97 52 13 98 28 72 77 24 81 76 70 26 20 97 40 57 87 55 44 20 93 96 49 85 70 14 58 28 17 60 70 2985 0.00 0.13 0.11 0.20 0.13 
65 301 688 142 103 139 103 136 78 91 24 86 77 18 40 79 32 67 27 68 100 48 57 66 40 68 87 96 96 38 99 14 97 14 98 43 88 19 28 65 26 57 36 3000 0.06 0.13 0.12 0.15 0.00 
66 348 984 124 115 141 139 127 21 29 75 68 76 16 57 19 15 39 16 47 72 93 51 19 32 98 45 40 89 64 86 94 87 67 55 76 35 12 58 100 17 66 35 2700 0.13 0.12 0.00 0.07 0.10 
67 918 699 103 105 146 135 115 58 48 41 87 36 81 50 36 37 91 80 64 29 66 38 27 34 93 51 100 24 44 44 13 70 18 53 66 90 97 14 78 39 53 50 2265 0.09 0.05 0.09 0.19 0.04 
68 812 327 112 115 135 130 112 96 93 43 57 69 98 52 62 21 19 15 39 35 56 38 33 25 43 73 79 73 37 81 75 88 53 75 79 30 21 56 88 70 98 89 2400 0.16 0.15 0.19 0.06 0.12 
69 860 732 119 113 117 121 134 99 15 52 39 39 68 65 94 14 61 31 83 22 50 68 89 25 27 39 46 48 85 98 31 79 81 55 58 59 61 70 50 28 86 58 2400 0.05 0.10 0.16 0.19 0.09 
70 982 608 144 116 125 110 112 92 79 21 89 27 59 35 41 66 56 86 23 87 96 18 45 15 93 55 78 44 71 29 58 65 97 21 99 89 19 39 67 29 63 42 3960 0.16 0.18 0.05 0.04 0.09 
71 377 293 111 142 126 131 126 84 87 95 24 83 71 46 28 11 59 90 61 99 41 89 97 50 13 39 61 83 19 37 13 63 16 97 13 45 97 64 27 67 62 80 3080 0.14 0.06 0.02 0.14 0.06 
72 100 97 141 130 101 112 135 45 41 52 57 23 29 66 31 80 16 79 82 18 24 34 40 96 85 71 93 98 80 71 100 45 28 90 21 82 62 70 56 43 87 56 2640 0.09 0.11 0.18 0.13 0.19 
73 772 699 147 129 116 135 102 85 37 31 40 34 81 19 42 16 74 83 26 87 64 56 19 71 43 64 86 60 41 59 96 47 48 48 96 75 26 76 60 58 84 16 2835 0.16 0.05 0.15 0.08 0.07 
74 844 198 116 113 149 137 125 65 15 36 12 26 11 42 58 40 74 58 88 20 32 85 43 23 30 49 64 71 49 36 96 50 30 68 60 34 85 100 49 47 94 75 3500 0.04 0.06 0.03 0.03 0.03 
75 866 313 134 137 126 138 118 49 36 67 64 96 98 64 93 14 65 60 63 11 83 63 83 45 56 57 91 40 94 12 78 80 38 84 61 20 27 91 15 76 54 50 2535 0.01 0.13 0.16 0.15 0.12 
76 767 415 105 150 110 143 118 14 74 52 56 14 60 50 37 81 94 21 41 31 30 73 86 85 78 36 15 87 83 19 96 44 78 25 39 88 80 50 91 91 89 57 3040 0.01 0.13 0.07 0.15 0.01 
77 142 91 102 111 136 131 140 18 86 43 22 34 72 94 30 89 71 44 79 65 83 15 36 11 55 82 80 76 69 90 29 39 22 37 85 74 27 92 97 51 48 90 2970 0.10 0.18 0.13 0.15 0.07 
78 888 147 144 150 102 145 107 91 88 16 71 25 51 39 31 68 78 19 14 58 82 12 40 32 49 30 91 88 17 16 70 16 44 13 77 52 44 57 66 46 47 32 2340 0.01 0.09 0.08 0.09 0.07 
79 967 234 134 130 143 146 127 72 19 67 25 59 60 31 30 88 60 32 27 84 73 92 90 58 38 73 76 94 12 62 41 20 64 11 20 20 76 12 68 88 84 83 3840 0.10 0.08 0.12 0.10 0.02 
80 852 122 134 111 149 103 124 56 58 38 31 51 60 33 52 94 28 53 13 53 24 16 43 28 89 25 86 60 37 99 85 50 98 15 14 62 93 36 64 53 58 27 3460 0.03 0.03 0.10 0.07 0.16 
81 620 971 122 149 134 124 128 77 94 30 24 53 38 50 22 51 11 78 16 53 91 78 54 51 87 71 96 52 94 19 14 66 68 18 19 11 38 19 16 65 20 57 2550 0.04 0.09 0.14 0.05 0.14 
82 818 970 108 142 131 124 146 65 39 72 23 80 37 68 92 33 55 100 93 50 100 20 15 98 29 23 88 78 55 43 44 12 57 34 65 62 36 86 94 25 15 43 3180 0.12 0.17 0.16 0.20 0.05 
83 659 844 101 139 112 113 135 23 79 84 100 57 66 16 99 17 59 84 34 32 46 69 91 35 73 33 41 24 97 57 23 63 71 73 34 51 69 44 97 34 11 99 3800 0.10 0.02 0.06 0.09 0.19 
84 360 212 133 122 102 107 116 38 34 40 68 47 11 26 23 79 26 85 64 60 36 94 84 17 94 45 53 25 21 17 84 37 20 83 82 69 21 66 67 73 81 22 2265 0.06 0.11 0.17 0.01 0.10 
85 993 733 138 102 113 110 115 26 87 37 68 11 80 40 63 67 27 98 100 25 66 80 84 44 22 95 81 33 13 58 31 21 15 23 65 99 91 49 62 32 79 31 2655 0.07 0.11 0.15 0.06 0.17 
86 845 77 117 116 101 103 137 62 65 91 43 49 35 97 17 17 11 30 34 82 80 82 41 98 60 23 44 18 77 13 85 89 31 38 32 55 74 77 93 61 73 89 2265 0.10 0.15 0.02 0.14 0.17 
87 594 932 147 147 109 139 133 89 25 71 32 33 43 60 80 100 18 69 31 52 23 80 68 17 52 18 35 44 21 60 42 38 51 97 47 74 17 22 58 12 33 96 2880 0.09 0.06 0.15 0.06 0.01 
88 731 178 143 139 106 113 141 80 88 12 15 84 60 25 54 14 83 12 50 21 37 84 46 72 16 42 14 37 14 92 64 41 14 100 73 50 75 87 33 86 63 65 2340 0.04 0.03 0.14 0.16 0.11 
89 789 48 118 126 147 142 130 47 59 20 12 47 67 15 82 98 41 82 70 24 31 62 15 44 25 69 86 42 40 99 37 73 36 80 51 38 22 73 74 78 40 63 3740 0.11 0.16 0.13 0.06 0.13 
90 552 508 108 101 143 147 113 11 96 99 86 90 65 26 91 50 24 32 90 47 59 72 84 40 63 98 51 51 43 60 21 69 27 93 47 50 45 13 39 61 80 79 3580 0.07 0.05 0.00 0.04 0.17 
91 341 895 149 108 115 117 124 61 37 77 12 39 29 96 40 65 15 84 63 84 33 86 24 58 27 92 61 97 46 66 86 80 87 61 58 49 34 100 78 53 96 66 3240 0.06 0.06 0.16 0.02 0.18 
92 107 291 113 112 135 105 148 81 30 67 93 78 63 38 49 69 81 99 27 80 47 79 76 16 36 93 11 47 79 21 81 42 43 85 69 14 36 29 44 88 19 76 2355 0.01 0.08 0.13 0.19 0.01 
93 656 57 102 144 131 134 132 24 54 15 25 52 81 55 61 48 57 97 17 31 63 50 96 81 58 33 69 86 16 41 80 52 49 98 26 51 30 90 54 100 97 16 3280 0.17 0.18 0.05 0.03 0.19 
94 621 185 124 103 137 111 129 76 16 50 96 92 43 63 22 67 84 19 82 97 21 49 65 62 45 32 35 78 95 80 92 27 74 89 44 94 46 96 47 78 21 30 2355 0.09 0.11 0.20 0.04 0.12 
95 542 350 134 101 145 124 101 85 96 69 19 35 65 14 57 30 40 97 26 40 52 88 89 90 98 70 40 36 89 97 48 21 68 99 58 56 79 22 80 95 77 46 2835 0.08 0.02 0.04 0.13 0.02 
96 480 661 123 106 121 113 137 37 12 60 66 37 46 17 45 79 52 95 36 55 50 29 30 61 95 27 63 15 62 40 18 64 77 61 54 62 65 31 51 11 37 35 2925 0.01 0.14 0.10 0.10 0.19 
97 581 646 102 138 118 148 109 70 58 38 32 62 80 45 88 98 68 100 13 33 23 15 25 30 41 50 26 97 17 50 60 48 59 23 21 70 11 12 83 80 46 36 3680 0.06 0.01 0.15 0.16 0.10 
98 321 607 103 148 115 132 102 84 74 18 62 32 85 68 97 67 82 71 78 61 92 62 74 19 98 100 90 93 69 90 84 23 17 27 82 52 89 13 73 36 71 95 3580 0.17 0.03 0.17 0.19 0.19 
99 756 34 137 139 145 130 132 66 61 69 55 15 23 75 58 88 63 74 69 66 25 69 49 44 91 96 27 79 70 97 35 14 53 37 22 87 80 76 54 55 51 100 4000 0.12 0.06 0.07 0.09 0.16 
100 766 345 108 140 132 102 112 24 89 100 40 30 46 62 71 65 82 97 38 52 45 27 88 24 29 49 77 18 66 27 93 70 97 39 36 80 87 63 99 32 24 76 2265 0.11 0.07 0.17 0.06 0.10 
