100 1 3 7 3602
586 455
12645 10700 8200 8200 12000 13600 14000 10900 0.01 
1 52 718 123 80 45 40 33 83 26 50 724 0.18 
2 382 224 149 81 13 17 23 34 79 66 471 0.10 
3 339 946 138 27 13 67 13 27 46 100 760 0.09 
4 957 436 125 55 47 75 80 97 17 82 483 0.12 
5 818 812 143 72 32 48 54 87 64 56 752 0.04 
6 812 298 127 69 23 77 90 21 83 88 546 0.14 
7 866 354 145 86 61 44 84 78 15 15 480 0.15 
8 703 737 150 19 50 44 88 42 65 62 616 0.19 
9 877 593 132 66 78 23 61 78 99 21 616 0.08 
10 73 570 113 88 53 55 14 47 26 16 459 0.06 
11 152 76 109 64 87 35 57 56 90 34 760 0.08 
12 873 835 112 62 62 14 61 26 53 13 628 0.13 
13 450 387 148 11 22 54 64 94 17 12 744 0.09 
14 693 530 146 19 64 96 31 90 19 83 676 0.06 
15 126 513 117 16 87 80 29 82 80 93 704 0.09 
16 703 462 130 70 16 73 33 83 81 86 728 0.00 
17 489 218 126 69 43 80 54 75 48 40 558 0.19 
18 583 72 113 43 58 65 91 61 35 59 561 0.01 
19 465 364 107 66 83 32 11 65 52 43 660 0.17 
20 556 253 123 61 58 22 33 68 16 80 628 0.02 
21 530 406 115 65 99 78 20 83 96 93 588 0.12 
22 193 460 140 65 60 62 12 86 23 60 525 0.19 
23 728 357 119 23 15 19 81 80 35 80 780 0.07 
24 753 26 127 100 59 36 90 26 52 11 612 0.04 
25 937 5 120 47 81 24 60 81 88 26 507 0.02 
26 690 51 146 20 61 69 60 79 30 19 756 0.17 
27 115 189 138 21 57 13 75 15 49 17 513 0.19 
28 454 207 118 36 33 66 73 50 37 33 501 0.04 
29 988 180 123 98 80 86 31 41 97 77 519 0.05 
30 542 653 124 94 39 28 31 29 15 15 676 0.18 
31 249 789 141 58 76 13 14 55 62 83 648 0.09 
32 972 731 144 21 15 13 11 65 96 39 597 0.04 
33 148 191 146 38 89 64 50 12 21 77 668 0.09 
34 753 176 128 23 86 12 32 56 74 36 776 0.17 
35 502 95 109 46 73 98 28 64 35 68 501 0.08 
36 229 537 128 28 34 27 38 47 39 24 516 0.08 
37 366 35 139 84 13 45 100 12 80 72 540 0.12 
38 837 571 111 60 48 69 62 85 86 48 732 0.08 
39 59 413 132 51 18 42 50 86 78 52 537 0.05 
40 67 872 131 73 86 37 51 13 48 88 513 0.07 
41 787 467 126 83 82 64 70 13 14 78 465 0.16 
42 344 666 114 63 23 71 24 26 95 62 784 0.18 
43 606 852 125 63 57 94 61 82 38 42 632 0.07 
44 790 306 111 14 13 40 73 60 54 47 712 0.00 
45 634 381 138 22 44 29 97 82 82 15 768 0.14 
46 726 525 105 24 82 81 12 86 46 14 644 0.19 
47 965 883 128 88 31 22 68 47 86 63 576 0.14 
48 550 750 148 92 34 50 78 15 26 59 788 0.15 
49 882 466 144 53 46 41 22 43 80 42 716 0.16 
50 84 55 146 72 19 17 20 94 98 43 465 0.06 
51 526 331 143 37 81 29 19 91 33 54 656 0.14 
52 144 240 142 60 67 82 72 75 54 43 772 0.16 
53 323 177 119 16 93 93 52 39 30 32 712 0.10 
54 925 78 144 89 29 69 25 72 80 43 776 0.08 
55 320 526 138 59 33 29 15 16 86 59 504 0.08 
56 520 486 105 69 47 12 12 54 90 82 664 0.08 
57 536 94 146 71 68 93 16 18 13 91 756 0.05 
58 547 828 143 11 66 86 73 22 54 19 591 0.11 
59 375 554 123 82 41 56 42 89 27 99 736 0.15 
60 582 652 115 13 83 28 30 90 80 47 772 0.02 
61 399 756 113 86 37 48 73 77 29 66 720 0.01 
62 354 966 109 84 77 83 20 32 48 92 507 0.15 
63 520 253 146 33 74 86 45 96 71 34 664 0.12 
64 359 122 139 36 66 84 45 14 68 22 567 0.09 
65 554 465 117 14 63 23 30 31 45 93 456 0.02 
66 473 712 133 34 26 21 84 100 46 12 513 0.15 
67 456 143 103 40 86 90 22 80 93 36 616 0.08 
68 12 144 124 30 17 53 84 14 76 62 456 0.10 
69 377 444 133 40 79 59 45 84 50 82 543 0.10 
70 441 253 111 91 56 94 19 69 75 25 724 0.02 
71 950 249 126 60 32 15 34 78 44 64 510 0.07 
72 345 901 141 88 71 89 36 76 41 81 480 0.01 
73 808 155 135 67 96 60 38 89 71 21 588 0.00 
74 617 397 125 79 56 51 89 27 39 59 704 0.18 
75 52 270 122 46 58 25 62 31 81 57 513 0.14 
76 255 774 119 57 31 90 66 97 30 73 564 0.18 
77 77 642 117 14 14 51 61 33 87 71 510 0.09 
78 943 322 119 12 66 86 44 68 95 27 510 0.01 
79 727 315 118 45 72 62 62 78 65 65 672 0.12 
80 857 771 128 65 38 65 72 22 66 37 768 0.14 
81 172 196 115 13 52 91 86 24 35 19 748 0.09 
82 350 395 114 69 52 83 16 38 99 95 549 0.06 
83 147 732 131 33 67 19 100 30 21 13 752 0.09 
84 864 827 125 31 65 96 34 81 64 75 764 0.10 
85 115 653 128 46 83 41 56 100 63 74 736 0.14 
86 911 154 130 37 41 48 54 45 31 18 558 0.09 
87 175 392 105 75 96 78 52 65 75 86 732 0.03 
88 471 844 104 32 49 73 47 14 99 39 652 0.01 
89 316 70 116 91 62 72 84 27 98 41 543 0.12 
90 608 328 120 65 34 59 20 26 42 21 632 0.09 
91 929 108 111 53 94 64 64 20 54 26 680 0.17 
92 756 16 108 41 77 31 27 27 85 12 740 0.09 
93 249 369 124 47 42 67 67 21 19 60 489 0.06 
94 339 31 124 69 43 80 88 43 20 64 507 0.09 
95 292 894 124 94 69 90 60 88 88 92 616 0.04 
96 898 788 136 49 34 16 88 35 74 82 776 0.19 
97 792 599 134 25 33 77 67 54 32 35 728 0.02 
98 601 232 118 37 36 94 91 62 42 24 764 0.06 
99 28 405 136 16 89 40 97 28 16 29 486 0.15 
100 801 509 106 20 84 88 44 63 76 69 537 0.14 
