50 3 1 5 16614
488 7
6144 6240 6163 6700 6050 5000 4400 6750 3150 4700 6550 5100 3900 6950 5950 5550 3900 5200 0.01 0.01 0.01 
1 223 181 133 148 122 77 73 34 35 81 47 63 26 54 64 12 47 51 18 84 2352 0.08 0.06 0.11 
2 700 304 106 143 117 64 67 78 96 63 34 87 29 58 30 57 82 70 100 45 1377 0.15 0.06 0.04 
3 891 948 140 104 106 30 18 99 46 94 99 60 27 56 74 80 60 92 89 79 1980 0.04 0.01 0.01 
4 182 45 115 114 114 51 81 29 29 81 11 50 43 46 43 97 54 61 52 79 1359 0.13 0.18 0.04 
5 980 730 141 115 103 43 28 12 51 72 53 14 41 72 84 34 85 70 69 80 1773 0.18 0.09 0.07 
6 452 925 108 141 110 54 40 60 74 14 68 84 81 70 55 23 58 33 46 93 1701 0.01 0.03 0.05 
7 150 399 134 105 148 93 60 74 56 22 61 13 36 86 16 54 89 85 23 95 1860 0.16 0.16 0.02 
8 48 262 104 144 145 87 91 79 94 36 86 47 19 93 58 53 22 71 39 27 1824 0.18 0.08 0.09 
9 644 977 124 105 108 66 50 12 23 61 61 51 32 55 76 92 74 75 85 31 2244 0.13 0.17 0.12 
10 74 230 148 144 101 78 66 16 91 54 56 94 11 31 54 81 56 75 87 84 1521 0.10 0.07 0.19 
11 929 240 137 119 133 33 43 68 43 87 72 53 32 63 58 70 51 70 52 94 1980 0.07 0.16 0.04 
12 280 437 120 115 107 41 47 77 70 61 93 93 47 35 41 59 45 47 21 93 1548 0.01 0.06 0.14 
13 44 955 101 108 101 90 12 90 36 81 66 27 29 36 39 28 31 44 14 24 2304 0.16 0.05 0.04 
14 610 288 118 129 125 45 63 49 85 25 36 26 57 61 58 26 37 28 13 65 2400 0.05 0.09 0.12 
15 622 911 128 125 130 70 39 33 72 13 68 65 88 14 79 39 94 11 51 52 2136 0.01 0.08 0.06 
16 760 224 146 147 128 41 13 87 53 85 23 23 70 46 26 13 80 44 68 21 2232 0.07 0.03 0.11 
17 300 699 147 102 119 46 79 45 40 72 32 36 85 75 21 87 33 91 32 48 1992 0.17 0.14 0.07 
18 404 223 121 106 114 55 83 97 62 83 59 62 18 50 33 72 20 52 46 30 1386 0.05 0.13 0.07 
19 797 40 137 107 121 31 18 18 72 89 27 33 65 78 15 88 66 44 38 50 2028 0.14 0.09 0.13 
20 722 797 122 145 137 83 93 97 35 69 17 77 69 79 27 95 49 39 34 53 1359 0.00 0.10 0.05 
21 212 153 123 142 146 69 27 93 100 94 82 49 81 68 17 75 83 100 53 99 1611 0.03 0.14 0.07 
22 896 147 129 136 150 22 55 42 31 67 52 84 84 51 39 32 77 49 52 84 2232 0.04 0.11 0.06 
23 425 383 104 116 116 77 83 11 28 25 39 31 87 22 49 63 32 61 13 23 1494 0.01 0.17 0.19 
24 810 222 104 110 113 14 77 85 82 95 20 77 64 38 53 28 35 96 39 74 1737 0.15 0.02 0.10 
25 990 619 107 115 129 20 16 81 95 13 98 41 31 41 36 51 64 100 40 69 1413 0.09 0.14 0.01 
26 205 379 101 129 106 75 24 59 43 26 14 83 83 99 86 58 26 12 51 13 1359 0.14 0.05 0.07 
27 611 979 129 109 114 41 22 37 59 12 33 77 37 27 54 31 37 73 81 22 1782 0.10 0.01 0.10 
28 34 5 133 119 137 20 76 63 96 83 36 94 79 46 58 68 86 97 85 40 1884 0.15 0.12 0.17 
29 877 750 117 102 113 79 19 66 70 100 41 37 100 36 20 24 65 82 59 74 2148 0.02 0.01 0.19 
30 946 86 114 118 140 30 99 79 58 63 88 71 69 58 32 88 58 67 76 29 2052 0.13 0.15 0.08 
31 600 360 133 105 124 30 18 91 32 95 51 93 11 60 17 48 77 35 57 60 1764 0.19 0.16 0.15 
32 951 838 110 125 124 33 96 72 93 12 23 19 53 44 65 47 19 38 96 25 1575 0.17 0.01 0.13 
33 236 555 144 126 145 71 43 31 20 36 94 31 65 86 84 60 55 68 56 71 1824 0.04 0.11 0.17 
34 316 400 136 110 101 99 56 98 100 79 32 22 27 93 99 86 81 36 34 26 2076 0.08 0.15 0.10 
35 273 765 137 120 147 20 100 30 65 76 63 31 74 25 62 98 73 48 91 33 1512 0.01 0.16 0.18 
36 671 454 116 133 137 50 54 85 80 32 51 31 47 67 58 82 41 86 58 92 2220 0.09 0.02 0.14 
37 775 475 112 144 124 12 95 47 81 79 30 84 27 61 16 63 88 80 82 46 1956 0.12 0.20 0.13 
38 861 259 119 127 148 44 51 23 43 13 96 97 45 76 37 58 73 55 70 40 1395 0.12 0.10 0.13 
39 905 664 126 108 101 51 62 51 31 59 26 100 40 20 12 15 60 73 43 87 1620 0.06 0.06 0.09 
40 921 30 121 149 148 28 74 22 42 97 44 58 41 27 17 42 16 88 52 69 2256 0.13 0.08 0.00 
41 396 662 106 140 111 38 18 12 77 63 95 88 18 88 46 83 93 53 99 61 1836 0.05 0.08 0.05 
42 875 260 145 144 104 28 66 15 45 29 73 36 96 11 50 57 89 23 44 34 1791 0.01 0.02 0.13 
43 958 233 101 109 142 19 26 26 56 94 73 22 85 70 40 42 66 37 42 67 2292 0.03 0.19 0.09 
44 507 730 103 143 119 57 15 53 48 80 56 57 51 11 51 36 62 29 95 53 2376 0.18 0.11 0.09 
45 960 84 150 149 133 82 83 67 22 22 69 78 84 16 57 23 66 21 23 68 1530 0.17 0.10 0.12 
46 940 687 108 126 117 93 16 76 81 45 62 28 24 35 91 93 68 39 60 76 1728 0.18 0.14 0.10 
47 181 533 108 143 143 40 73 54 25 94 69 61 75 49 95 62 74 98 86 26 1719 0.12 0.19 0.09 
48 963 26 139 124 102 13 51 22 25 51 54 76 24 30 69 88 81 88 88 75 1611 0.15 0.07 0.13 
49 893 671 103 145 133 61 69 68 33 11 35 13 54 49 53 55 80 38 36 48 1968 0.19 0.01 0.11 
50 98 287 136 108 107 55 45 50 32 19 44 77 85 66 39 91 41 33 91 46 1413 0.10 0.08 0.12 
