100 3 1 5 33372
416 132
12580 12488 12628 5300 6800 9200 9700 11400 9900 9100 6000 7800 12900 5700 10500 6800 12500 8300 0.01 0.01 0.01 
1 219 41 117 120 148 36 66 98 56 41 80 20 38 74 96 34 49 99 90 78 1920 0.09 0.04 0.05 
2 404 701 122 137 127 60 27 78 29 40 55 96 71 62 88 41 97 86 66 92 1530 0.02 0.06 0.20 
3 257 332 127 119 127 11 48 46 49 29 99 45 46 27 37 33 84 79 46 71 2352 0.05 0.01 0.16 
4 968 651 126 140 104 65 25 75 87 21 87 20 82 36 38 86 34 86 64 60 1791 0.16 0.07 0.04 
5 590 49 149 148 101 85 73 15 57 60 22 36 23 98 46 84 55 91 71 82 2352 0.13 0.09 0.06 
6 199 630 106 118 140 60 95 55 77 94 61 28 70 17 77 28 13 30 77 48 1719 0.08 0.04 0.13 
7 211 432 133 143 132 93 37 62 20 98 31 92 77 97 47 19 64 64 25 93 1755 0.08 0.07 0.14 
8 37 767 146 111 141 48 64 66 36 23 28 12 69 89 99 71 52 29 29 89 2244 0.18 0.08 0.03 
9 833 727 143 105 143 90 90 30 46 34 45 87 68 70 61 50 62 43 90 22 1812 0.16 0.03 0.19 
10 311 157 122 123 136 17 40 33 13 39 54 28 11 89 13 86 51 70 17 64 1674 0.06 0.01 0.20 
11 321 785 127 102 105 52 63 50 55 78 61 17 91 63 45 17 24 73 57 79 1638 0.14 0.13 0.05 
12 550 766 102 130 112 21 82 53 99 93 50 55 12 94 84 16 52 61 69 48 2244 0.19 0.10 0.18 
13 751 158 102 146 129 34 79 25 68 32 78 13 75 76 96 25 12 89 70 86 1755 0.18 0.17 0.03 
14 996 46 110 127 121 50 48 14 93 30 26 98 56 83 29 60 32 13 87 27 2172 0.07 0.03 0.08 
15 881 670 132 136 139 54 97 91 80 51 29 88 25 73 17 88 66 11 71 84 1458 0.09 0.18 0.08 
16 85 877 121 124 135 25 100 53 79 89 32 47 91 63 87 43 36 78 15 94 1737 0.20 0.10 0.00 
17 634 740 139 135 101 23 17 78 20 90 34 51 13 64 39 48 38 17 100 76 1956 0.03 0.18 0.05 
18 466 813 135 142 140 68 31 15 24 96 36 64 92 97 53 30 94 16 84 84 1539 0.12 0.03 0.14 
19 237 326 105 146 141 50 46 23 96 82 63 13 32 38 60 26 24 37 22 28 1548 0.12 0.04 0.03 
20 208 742 144 112 120 67 44 40 15 42 54 39 28 12 21 26 75 65 54 34 1629 0.10 0.06 0.15 
21 17 426 129 102 124 89 26 11 45 83 64 78 89 68 19 74 100 21 37 72 1824 0.05 0.16 0.10 
22 518 821 145 124 135 82 58 71 98 38 48 54 96 83 88 98 66 42 27 36 1458 0.11 0.12 0.12 
23 929 711 149 143 112 93 97 90 24 66 95 24 89 54 13 91 56 78 35 44 1746 0.01 0.07 0.08 
24 564 306 103 122 115 21 84 82 68 34 61 82 14 36 100 82 75 20 35 77 1593 0.13 0.03 0.11 
25 333 136 121 104 101 78 30 47 25 69 87 14 32 55 38 67 71 87 92 70 2220 0.19 0.19 0.18 
26 69 82 107 135 141 95 18 50 74 74 13 93 85 27 23 14 27 56 58 16 1872 0.06 0.03 0.10 
27 215 369 129 139 138 93 41 63 65 27 59 86 51 84 59 86 52 73 13 26 1872 0.03 0.08 0.08 
28 433 40 102 124 142 37 35 18 34 86 78 26 74 43 94 91 79 24 37 38 1638 0.17 0.10 0.06 
29 909 28 126 146 113 50 38 95 48 85 74 19 53 59 56 37 34 89 69 27 2172 0.00 0.14 0.10 
30 426 722 105 135 125 25 66 34 32 89 71 78 99 19 63 44 33 49 55 79 2292 0.05 0.09 0.14 
31 721 78 150 119 116 37 95 20 73 86 87 51 15 19 91 41 30 70 49 44 1665 0.05 0.04 0.13 
32 493 555 143 113 148 60 87 31 91 15 80 61 64 52 46 91 48 88 61 38 1932 0.17 0.19 0.02 
33 142 621 124 136 114 19 100 24 67 81 78 67 64 69 34 48 84 72 89 30 1539 0.16 0.04 0.08 
34 112 102 148 114 146 66 81 73 18 25 79 24 21 45 56 23 75 69 43 98 1458 0.03 0.05 0.14 
35 285 512 134 125 132 29 45 13 75 99 92 80 18 99 94 77 69 77 74 24 2376 0.09 0.03 0.02 
36 199 744 148 146 150 28 62 54 79 14 97 11 31 71 99 24 78 74 23 33 1719 0.01 0.10 0.08 
37 484 266 108 101 109 16 90 16 53 67 70 80 84 48 84 97 46 83 29 96 2196 0.10 0.19 0.08 
38 439 530 109 114 120 11 33 85 67 73 72 24 65 76 80 45 59 77 45 94 1359 0.07 0.11 0.15 
39 956 676 126 148 118 60 85 97 69 50 69 72 90 35 96 59 19 64 34 50 1539 0.15 0.17 0.19 
40 253 706 108 141 132 83 89 15 69 100 80 85 16 48 86 17 19 62 93 15 1539 0.17 0.10 0.08 
41 316 539 111 144 102 75 72 73 28 48 100 36 85 30 88 99 34 100 47 19 1485 0.18 0.07 0.16 
42 771 16 134 128 108 20 23 36 34 47 98 70 68 25 69 77 95 84 96 44 1395 0.17 0.02 0.03 
43 200 774 122 134 128 15 47 93 50 83 59 96 79 82 94 41 63 41 55 31 1467 0.01 0.10 0.02 
44 262 279 143 149 133 38 81 27 64 94 69 41 15 18 75 28 70 89 99 63 1449 0.12 0.18 0.10 
45 948 268 122 142 116 88 46 58 60 88 87 30 98 13 23 33 15 38 92 80 1521 0.17 0.07 0.08 
46 208 524 114 134 124 92 81 55 51 65 39 100 81 50 87 88 68 73 90 81 1386 0.12 0.12 0.14 
47 54 802 101 101 147 65 45 93 28 33 19 14 58 22 68 12 30 24 51 68 2376 0.03 0.00 0.02 
48 569 710 132 119 107 52 28 18 68 37 32 71 87 11 94 19 59 46 82 78 1467 0.03 0.07 0.06 
49 354 118 112 105 141 52 41 40 19 36 22 15 51 41 41 62 64 31 62 19 1647 0.12 0.18 0.19 
50 206 846 143 116 142 17 76 71 33 55 36 86 22 44 73 17 77 58 48 70 1629 0.17 0.03 0.16 
51 346 633 120 145 114 73 13 62 30 49 36 24 33 58 30 83 67 79 78 39 2100 0.06 0.10 0.08 
52 982 500 146 121 120 73 60 18 27 18 89 20 80 18 58 44 33 63 53 53 1674 0.15 0.02 0.14 
53 901 838 140 135 108 29 77 84 17 63 41 75 49 57 82 97 92 46 66 11 2172 0.06 0.03 0.17 
54 728 966 114 108 133 98 31 93 59 65 77 41 39 45 94 37 68 57 45 49 2052 0.14 0.18 0.09 
55 401 272 110 140 120 40 51 22 29 74 78 94 95 37 58 65 51 40 100 44 1782 0.01 0.02 0.07 
56 657 537 130 113 130 17 91 21 61 89 52 92 41 70 65 47 59 89 35 68 2280 0.06 0.12 0.17 
57 589 341 115 106 121 27 35 60 80 16 86 58 47 98 47 49 38 59 18 54 2232 0.03 0.14 0.17 
58 790 581 121 127 111 91 48 32 56 66 34 52 33 13 58 50 15 43 47 13 2124 0.02 0.03 0.19 
59 186 175 125 130 120 99 53 14 82 72 35 19 68 42 36 65 78 62 30 87 1611 0.06 0.16 0.07 
60 612 324 103 112 150 61 87 72 58 99 19 51 48 90 22 76 82 51 69 70 1476 0.03 0.04 0.10 
61 745 672 150 125 125 89 17 92 96 33 57 19 81 14 69 22 19 62 64 30 2388 0.14 0.01 0.07 
62 694 598 143 116 110 31 19 49 15 22 93 80 27 51 65 97 35 16 62 94 1968 0.16 0.02 0.16 
63 619 803 130 143 124 99 61 38 31 38 51 47 58 17 20 61 51 99 11 15 2148 0.00 0.04 0.16 
64 665 30 102 141 133 48 52 34 83 28 81 78 40 63 15 13 13 21 71 22 1368 0.10 0.15 0.19 
65 303 198 126 130 132 72 66 91 56 75 56 26 59 90 95 71 34 51 33 90 1422 0.03 0.11 0.14 
66 966 89 135 134 145 80 44 63 61 19 32 74 47 40 100 47 77 44 36 71 2136 0.07 0.19 0.07 
67 775 793 138 128 117 89 98 77 55 51 86 46 32 98 16 82 41 24 73 92 2268 0.04 0.07 0.15 
68 812 223 115 142 112 45 81 86 41 79 30 76 43 36 78 21 75 85 71 42 1944 0.17 0.14 0.06 
69 468 728 134 125 123 44 66 79 33 52 29 84 69 22 63 41 90 30 66 30 2256 0.04 0.02 0.02 
70 901 859 137 111 148 21 56 24 36 80 69 46 38 54 87 34 70 42 45 84 1860 0.00 0.00 0.16 
71 869 50 106 108 149 48 49 27 35 67 46 74 79 33 54 91 89 27 96 75 2160 0.02 0.15 0.18 
72 928 458 131 115 142 15 98 82 59 79 96 79 28 83 46 80 19 75 12 62 2208 0.05 0.09 0.04 
73 710 755 106 108 131 34 50 84 65 11 31 61 18 79 39 36 18 87 70 15 1791 0.01 0.01 0.06 
74 242 703 145 106 142 90 91 95 28 59 13 60 60 29 61 49 21 93 79 11 1968 0.05 0.14 0.18 
75 342 192 131 111 117 11 40 76 89 51 40 41 77 57 51 21 100 12 39 22 2028 0.05 0.13 0.15 
76 563 468 101 106 134 16 55 46 42 37 42 67 46 30 17 59 47 42 68 49 2280 0.16 0.01 0.00 
77 278 286 140 137 120 95 65 28 79 19 47 63 87 78 89 19 17 93 90 23 1782 0.08 0.12 0.13 
78 952 383 107 145 120 59 34 27 70 20 64 74 54 95 44 41 96 81 18 46 1494 0.18 0.19 0.16 
79 364 182 121 115 115 90 56 33 100 95 58 80 59 27 89 43 24 91 37 57 1908 0.17 0.14 0.17 
80 66 906 104 108 131 54 88 69 32 92 73 48 56 73 94 30 35 46 99 76 1629 0.04 0.18 0.13 
81 421 724 106 129 124 11 74 72 12 80 17 29 94 91 21 63 20 87 35 65 1665 0.18 0.16 0.09 
82 101 180 127 107 110 67 26 11 26 72 78 46 70 80 77 48 96 50 38 16 1719 0.12 0.14 0.15 
83 746 472 149 149 104 29 11 35 45 54 63 69 31 78 92 55 89 88 86 66 1476 0.15 0.18 0.02 
84 596 603 150 123 144 42 42 80 72 33 52 85 35 48 90 100 20 24 39 64 2088 0.18 0.06 0.02 
85 166 463 111 130 128 29 74 67 46 50 39 43 100 62 66 14 12 86 51 54 1629 0.18 0.18 0.17 
86 503 21 110 109 119 30 80 97 88 18 69 43 68 66 82 95 25 88 56 42 1611 0.13 0.02 0.09 
87 912 723 128 145 105 63 68 42 40 66 59 97 14 47 15 67 47 35 32 81 1512 0.05 0.19 0.16 
88 409 336 138 131 110 44 48 57 82 63 44 31 52 73 86 84 45 24 82 11 1602 0.16 0.16 0.07 
89 170 870 107 113 146 35 54 32 74 68 18 15 74 89 68 84 50 86 18 87 1719 0.00 0.02 0.10 
90 219 221 130 119 109 30 16 92 98 46 85 89 21 58 56 27 22 24 15 41 2160 0.06 0.04 0.14 
91 491 945 136 108 139 49 100 86 70 50 51 18 47 48 53 84 93 60 42 100 1692 0.07 0.17 0.18 
92 644 173 147 149 135 83 16 35 11 97 50 96 72 19 98 59 67 78 58 19 1368 0.16 0.16 0.19 
93 86 469 136 110 122 72 90 20 75 62 58 29 22 58 25 59 72 83 67 31 1683 0.10 0.13 0.01 
94 577 159 131 108 131 57 31 66 18 97 42 87 71 16 100 25 28 31 35 94 1377 0.01 0.12 0.01 
95 215 601 147 135 114 34 28 78 81 35 89 17 74 59 66 90 14 95 57 13 2088 0.09 0.14 0.18 
96 216 840 135 111 148 39 81 93 76 18 62 36 62 42 22 82 80 44 40 45 2388 0.11 0.07 0.16 
97 87 616 141 102 123 31 13 70 95 68 86 48 16 61 56 22 43 13 15 16 1503 0.09 0.16 0.17 
98 11 618 126 107 123 29 12 86 31 80 51 82 15 98 12 83 49 32 95 56 2124 0.11 0.07 0.04 
99 234 714 105 115 139 40 30 37 21 70 39 33 70 21 12 62 46 71 21 47 1377 0.00 0.11 0.20 
100 755 605 138 130 137 94 84 28 49 98 78 79 26 50 48 78 70 31 89 72 1728 0.15 0.19 0.00 
