40 5 1 3 21584
535 832
5011 5077 5108 5005 5099 2760 2200 3880 5040 2360 3240 3680 3840 5240 2360 4400 3200 4040 2480 3640 0.01 0.01 0.01 0.01 0.01 
1 741 349 119 119 143 111 125 83 92 84 27 80 46 54 16 20 26 32 47 33 61 99 2730 0.01 0.14 0.12 0.01 0.19 
2 79 939 125 133 123 105 139 84 18 12 91 30 53 65 13 38 74 60 48 96 60 27 3760 0.11 0.00 0.10 0.05 0.12 
3 130 610 117 134 105 140 120 60 69 83 32 19 20 23 94 30 31 52 89 51 83 37 2280 0.13 0.16 0.16 0.13 0.06 
4 36 235 115 132 145 103 115 15 80 23 24 41 57 12 60 44 41 21 25 61 56 85 2745 0.12 0.03 0.09 0.08 0.20 
5 880 778 145 150 146 117 122 85 78 52 90 39 78 85 100 84 95 78 36 55 70 27 3700 0.00 0.07 0.15 0.04 0.16 
6 558 29 141 127 146 104 147 22 86 63 89 27 40 95 21 63 94 20 12 98 31 78 2385 0.04 0.04 0.15 0.11 0.19 
7 760 345 138 138 126 109 104 53 39 33 91 73 78 64 95 64 19 71 30 72 15 26 3440 0.06 0.11 0.15 0.10 0.06 
8 914 223 116 126 141 131 142 18 80 18 12 97 37 75 96 89 59 25 39 96 19 14 3320 0.18 0.04 0.13 0.09 0.19 
9 492 670 110 137 122 115 124 70 41 83 100 29 13 55 39 33 79 53 22 43 92 12 2775 0.01 0.15 0.08 0.05 0.07 
10 162 201 120 140 124 121 139 78 88 41 70 42 69 44 65 56 87 57 65 68 19 86 2895 0.04 0.17 0.16 0.19 0.05 
11 100 842 115 124 113 128 130 18 83 89 23 58 26 78 66 50 21 35 81 89 34 87 3580 0.18 0.00 0.10 0.16 0.16 
12 418 752 134 141 119 107 146 99 32 20 72 66 56 82 62 59 63 53 19 33 38 38 2505 0.04 0.07 0.15 0.04 0.16 
13 678 541 132 107 125 138 116 48 42 21 51 54 93 62 36 50 84 48 37 18 75 20 3840 0.14 0.03 0.18 0.01 0.18 
14 930 77 111 117 130 139 106 100 81 21 53 42 43 35 11 20 50 84 95 72 82 57 3260 0.18 0.06 0.10 0.01 0.04 
15 516 361 125 146 126 121 130 85 74 19 84 11 17 95 65 12 36 23 97 69 46 42 3040 0.06 0.06 0.01 0.11 0.16 
16 388 113 104 114 115 109 127 61 86 38 94 92 69 60 84 89 47 46 50 42 21 27 3680 0.06 0.06 0.18 0.12 0.06 
17 251 424 133 140 143 137 117 48 52 74 79 59 27 28 72 29 22 95 62 45 72 89 2385 0.11 0.12 0.14 0.16 0.10 
18 433 997 142 112 126 116 128 89 76 22 11 45 70 23 91 39 72 53 58 66 14 62 3640 0.01 0.06 0.06 0.13 0.00 
19 678 318 147 116 122 133 116 30 18 38 30 30 58 89 69 90 59 35 13 82 68 29 3440 0.14 0.00 0.11 0.00 0.06 
20 841 948 121 143 122 122 146 73 16 49 44 95 62 52 39 13 28 44 82 46 45 86 2295 0.04 0.10 0.14 0.05 0.00 
21 135 654 138 105 134 113 117 72 40 11 40 43 21 94 35 38 89 100 11 43 15 30 2550 0.16 0.07 0.16 0.06 0.01 
22 725 999 127 131 102 131 134 45 34 37 86 66 66 38 52 36 80 20 50 20 34 73 3720 0.19 0.12 0.07 0.06 0.08 
23 853 534 117 103 121 139 118 44 30 96 18 32 14 50 84 100 20 23 70 63 62 90 3340 0.05 0.13 0.13 0.17 0.20 
24 175 655 110 114 145 136 138 58 95 38 90 56 99 21 72 23 33 65 66 35 46 60 2625 0.09 0.19 0.18 0.02 0.12 
25 560 294 137 116 116 130 142 53 90 23 79 14 88 13 61 96 35 52 58 17 93 76 2910 0.18 0.20 0.01 0.17 0.17 
26 318 723 110 144 147 134 125 59 36 79 49 25 40 65 25 16 72 41 12 51 91 82 3120 0.12 0.07 0.13 0.11 0.08 
27 641 567 144 111 128 148 134 99 16 34 84 33 34 62 38 25 95 91 99 92 74 38 3520 0.02 0.16 0.08 0.09 0.09 
28 934 603 145 124 126 117 108 70 17 78 40 64 21 87 71 75 85 64 33 25 20 29 3140 0.05 0.16 0.08 0.01 0.04 
29 526 943 134 145 122 119 132 57 44 86 22 22 93 32 17 23 43 51 38 73 65 73 3700 0.15 0.11 0.00 0.11 0.19 
30 313 202 104 149 118 147 126 48 81 71 28 86 17 40 43 61 17 14 93 42 51 29 3500 0.02 0.18 0.02 0.13 0.18 
31 478 357 117 116 115 150 149 95 29 32 51 65 54 33 82 66 94 25 72 17 28 91 3380 0.04 0.13 0.13 0.02 0.15 
32 802 421 136 141 129 116 119 58 61 54 45 80 27 85 14 84 31 48 22 19 33 52 2745 0.20 0.08 0.03 0.13 0.01 
33 395 951 113 114 118 110 104 41 61 59 14 87 87 65 48 68 31 48 51 60 86 91 2685 0.18 0.10 0.16 0.06 0.14 
34 807 852 130 104 132 146 145 58 78 62 88 14 74 53 19 90 38 20 72 60 91 87 3260 0.07 0.17 0.06 0.18 0.13 
35 563 840 114 137 135 107 116 27 79 52 92 22 43 47 69 61 58 12 44 73 19 26 3140 0.18 0.13 0.18 0.14 0.20 
36 497 469 103 142 123 127 150 23 38 87 79 42 96 75 53 50 65 56 52 90 19 91 3520 0.09 0.02 0.04 0.03 0.20 
37 668 532 140 128 147 119 120 51 30 23 17 27 70 23 22 74 61 68 81 20 99 58 3000 0.05 0.16 0.03 0.07 0.20 
38 276 42 125 119 145 133 130 83 19 85 83 24 71 84 70 21 96 89 17 70 75 34 2910 0.10 0.02 0.07 0.05 0.05 
39 654 865 114 110 133 147 144 36 92 48 76 12 78 34 76 73 49 29 50 87 13 58 3960 0.11 0.10 0.04 0.13 0.17 
40 647 264 143 128 110 130 109 42 68 53 15 48 99 25 50 91 22 45 90 85 79 78 2490 0.15 0.08 0.01 0.05 0.12 
