100 1 5 7 2206
500 454
12608 5600 8700 6200 11300 10600 12600 12400 0.01 
1 297 427 132 87 55 92 20 51 70 39 688 0.11 
2 257 667 137 75 85 11 12 63 55 22 680 0.10 
3 670 705 148 91 51 63 96 85 49 12 684 0.03 
4 837 281 144 50 42 56 28 42 83 12 624 0.18 
5 211 168 143 19 31 42 76 100 84 78 764 0.06 
6 588 102 118 73 46 99 74 51 49 67 624 0.06 
7 203 220 147 38 83 52 47 86 60 29 471 0.02 
8 648 948 116 93 77 43 35 27 68 70 612 0.17 
9 185 146 135 81 71 21 61 23 100 43 474 0.05 
10 736 597 129 63 44 21 78 24 14 55 594 0.11 
11 897 280 120 30 68 63 40 48 43 62 492 0.20 
12 521 902 147 68 68 66 84 27 80 27 564 0.03 
13 843 834 106 29 34 52 77 34 33 96 648 0.06 
14 214 978 147 36 50 76 75 92 43 43 528 0.02 
15 484 404 112 46 49 91 99 11 71 84 570 0.19 
16 277 922 102 87 90 35 62 57 60 63 776 0.01 
17 448 40 113 42 90 51 88 51 86 36 624 0.20 
18 729 688 128 24 88 26 19 42 64 60 704 0.15 
19 11 324 128 62 84 15 42 98 46 31 525 0.14 
20 12 978 124 82 59 40 62 49 53 49 652 0.00 
21 281 456 133 94 40 87 86 29 49 31 640 0.03 
22 755 287 118 14 85 63 75 99 44 33 465 0.06 
23 188 478 106 55 89 26 79 48 72 19 567 0.01 
24 50 482 126 65 18 78 79 34 43 63 501 0.05 
25 827 894 129 75 75 45 32 74 51 21 680 0.04 
26 408 616 141 30 64 81 58 74 97 65 660 0.03 
27 526 279 120 51 12 67 93 66 94 29 700 0.15 
28 726 495 115 69 96 54 58 53 73 21 644 0.11 
29 723 6 134 18 49 82 58 35 84 21 704 0.14 
30 816 564 110 23 47 77 62 27 97 57 495 0.05 
31 832 51 132 76 63 26 75 100 85 23 456 0.18 
32 621 223 113 93 28 88 48 55 63 85 552 0.09 
33 930 761 134 47 83 77 26 27 15 78 597 0.04 
34 725 672 120 72 89 89 76 41 43 55 510 0.15 
35 235 586 112 17 40 36 39 23 72 73 531 0.12 
36 398 145 116 34 17 36 76 78 59 64 656 0.15 
37 447 969 109 40 39 29 55 34 36 85 558 0.01 
38 10 26 102 69 38 17 46 34 92 52 748 0.04 
39 517 112 112 94 76 97 72 63 36 62 516 0.13 
40 641 474 117 32 37 25 71 88 45 98 640 0.08 
41 23 457 115 15 13 64 87 49 19 24 456 0.10 
42 537 764 107 64 78 26 41 73 99 29 597 0.06 
43 549 55 113 62 11 62 45 57 28 99 744 0.13 
44 413 354 122 23 18 28 68 27 43 45 495 0.19 
45 535 527 119 60 22 37 77 88 51 40 708 0.04 
46 815 188 119 84 45 91 63 40 65 70 648 0.14 
47 296 250 128 76 35 70 81 79 29 54 504 0.11 
48 318 540 122 68 72 59 13 82 95 99 471 0.11 
49 625 397 146 57 26 12 74 95 39 98 513 0.15 
50 878 332 139 92 68 79 78 98 46 11 764 0.17 
51 540 617 145 21 51 40 51 12 48 67 576 0.01 
52 804 625 106 25 61 34 90 18 25 19 736 0.16 
53 58 41 142 32 88 40 82 93 13 85 652 0.15 
54 210 158 114 43 83 56 13 21 32 64 543 0.05 
55 71 144 135 64 86 92 70 24 75 20 672 0.10 
56 215 857 127 60 39 54 30 92 48 13 513 0.13 
57 505 186 121 40 50 28 20 20 44 58 465 0.09 
58 229 938 147 45 37 96 88 22 55 79 744 0.17 
59 107 594 131 67 64 88 84 34 28 33 537 0.15 
60 566 925 122 63 30 32 88 57 28 77 668 0.15 
61 687 155 146 45 29 82 35 87 100 50 579 0.03 
62 420 11 137 94 100 21 91 94 35 73 585 0.04 
63 0 202 141 23 90 41 19 17 75 89 483 0.14 
64 894 894 143 85 35 67 52 100 22 13 612 0.16 
65 612 202 110 33 55 80 73 38 54 24 525 0.17 
66 712 764 120 17 40 34 69 92 18 93 483 0.08 
67 413 683 138 86 71 23 22 57 46 66 540 0.03 
68 515 555 143 18 66 29 72 50 35 11 692 0.03 
69 659 512 138 53 40 47 28 94 32 88 732 0.12 
70 850 175 107 73 14 38 18 39 45 35 756 0.15 
71 108 784 138 36 75 40 73 52 83 12 600 0.06 
72 311 382 118 65 96 27 24 40 51 79 474 0.00 
73 627 466 114 32 17 96 53 15 32 27 736 0.02 
74 343 488 125 77 14 77 77 28 41 72 744 0.05 
75 345 265 102 57 52 32 90 66 54 97 474 0.06 
76 331 3 139 90 93 74 47 61 12 51 636 0.04 
77 433 159 147 86 13 11 31 33 57 72 468 0.13 
78 181 807 145 69 56 84 94 52 74 48 648 0.02 
79 527 954 127 56 42 28 20 95 65 22 525 0.13 
80 299 426 141 11 96 76 94 46 96 50 513 0.17 
81 893 552 135 78 99 44 89 98 52 30 543 0.06 
82 791 206 113 77 82 36 84 46 88 79 644 0.03 
83 38 481 146 70 34 62 19 90 39 69 720 0.05 
84 573 15 127 49 75 72 34 60 48 16 459 0.08 
85 615 919 109 66 89 95 48 97 27 71 591 0.05 
86 125 719 106 28 21 48 79 15 48 15 724 0.11 
87 737 249 140 58 79 33 33 16 51 74 672 0.18 
88 690 163 118 13 32 29 20 81 46 82 664 0.14 
89 865 629 118 88 44 89 63 44 98 93 692 0.16 
90 563 757 147 17 77 37 27 57 91 48 456 0.03 
91 960 667 124 100 29 25 80 94 12 23 664 0.00 
92 768 940 148 76 30 17 31 79 24 97 480 0.19 
93 668 541 131 20 19 65 15 17 64 85 525 0.02 
94 370 785 142 99 77 15 69 26 80 89 546 0.07 
95 86 94 102 88 25 96 27 56 67 35 453 0.10 
96 744 805 133 81 85 58 49 97 57 77 748 0.18 
97 13 660 108 56 84 34 66 31 22 43 672 0.19 
98 57 569 101 66 17 59 73 81 39 19 537 0.14 
99 358 824 140 23 21 24 40 86 69 75 471 0.03 
100 639 903 106 20 68 30 85 78 48 91 608 0.14 
