40 5 1 5 21892
113 522
4997 5031 4991 4798 4982 5360 5360 4040 3840 5520 3440 4440 3120 4080 2760 2920 3240 5120 2560 4240 2680 3320 3360 2040 2280 3960 5560 4040 2720 2160 0.01 0.01 0.01 0.01 0.01 
1 630 955 134 106 124 107 115 74 100 28 57 51 16 88 46 37 49 41 86 44 20 68 43 95 83 58 12 90 13 67 88 74 2865 0.09 0.11 0.19 0.07 0.19 
2 144 14 112 113 131 130 105 38 49 67 85 79 80 50 19 75 45 57 92 67 23 81 42 30 94 18 60 84 17 85 62 100 2400 0.19 0.04 0.03 0.14 0.14 
3 838 420 150 131 109 101 112 19 80 59 74 36 92 11 82 22 42 67 49 61 96 85 43 46 80 39 77 74 74 56 86 74 2580 0.16 0.15 0.04 0.13 0.15 
4 704 100 122 124 116 105 132 54 20 72 55 76 67 33 56 47 65 27 94 82 99 67 54 14 81 65 66 18 37 32 48 100 2670 0.16 0.14 0.04 0.11 0.19 
5 131 430 112 134 149 103 138 28 24 67 71 40 52 90 40 59 43 92 59 61 16 66 90 13 48 71 80 24 80 11 41 52 2895 0.07 0.10 0.20 0.05 0.19 
6 911 421 141 133 122 133 107 65 91 13 60 44 72 49 79 20 90 20 61 23 62 36 24 28 95 91 23 43 74 53 24 98 3680 0.04 0.11 0.19 0.07 0.10 
7 371 135 124 148 135 106 112 91 54 22 33 63 45 76 59 89 89 83 42 50 98 74 12 50 73 48 85 36 33 59 19 45 2865 0.15 0.19 0.03 0.11 0.11 
8 729 70 128 124 131 129 118 47 42 37 74 76 76 73 93 50 37 22 74 79 60 62 18 70 45 99 62 96 65 77 16 91 2580 0.05 0.04 0.18 0.11 0.02 
9 59 158 103 107 103 134 137 39 39 87 33 51 63 62 36 63 69 59 29 19 79 24 55 30 26 75 21 35 90 28 23 36 3280 0.07 0.12 0.18 0.05 0.06 
10 233 906 105 142 103 113 104 21 24 67 68 34 38 12 61 100 19 25 83 14 81 69 98 82 28 15 17 50 80 43 87 66 3940 0.18 0.19 0.06 0.04 0.19 
11 645 943 109 132 120 134 146 61 46 65 92 22 57 92 29 49 90 66 94 68 61 95 93 43 65 86 79 55 43 11 48 43 3080 0.09 0.03 0.18 0.10 0.12 
12 218 784 148 114 106 126 119 36 94 73 88 22 17 72 22 16 64 32 49 84 38 56 38 93 21 73 48 16 57 64 98 26 2595 0.11 0.07 0.15 0.12 0.15 
13 632 613 118 107 142 110 139 59 26 100 64 100 48 37 55 25 26 87 50 46 52 55 16 14 17 24 99 78 66 61 91 12 3940 0.06 0.08 0.03 0.13 0.05 
14 989 320 138 150 105 138 147 80 89 89 27 76 24 27 45 16 84 74 98 98 45 37 96 28 27 66 16 52 42 13 89 67 3440 0.03 0.07 0.00 0.17 0.07 
15 578 428 106 129 128 113 128 88 95 17 87 30 47 65 92 61 22 39 77 77 67 81 69 31 36 98 83 25 46 99 69 37 3420 0.06 0.05 0.05 0.14 0.09 
16 755 768 119 111 121 103 135 54 21 90 24 50 90 16 99 59 36 84 33 63 17 47 67 15 87 54 96 87 54 25 11 16 2550 0.03 0.07 0.19 0.07 0.15 
17 341 323 139 114 145 122 124 99 34 27 80 70 94 76 48 54 42 93 47 61 55 85 31 85 72 95 26 79 47 67 13 47 3860 0.15 0.18 0.20 0.19 0.11 
18 643 188 115 133 127 102 124 19 38 17 22 82 73 36 89 39 18 100 12 51 81 42 99 44 85 93 89 72 59 20 20 68 3460 0.17 0.14 0.07 0.19 0.18 
19 977 969 109 146 124 121 123 45 12 58 69 11 19 43 90 57 41 42 85 36 75 56 85 65 14 40 49 60 39 80 23 85 2295 0.03 0.15 0.05 0.17 0.07 
20 884 399 137 139 148 125 134 19 67 93 56 98 81 34 33 65 18 30 47 88 60 58 92 32 25 96 46 12 55 44 69 36 2685 0.04 0.02 0.11 0.19 0.13 
21 186 609 118 119 101 143 110 73 49 100 22 30 61 41 18 38 32 52 80 75 47 81 80 11 17 85 69 94 43 16 62 32 3680 0.10 0.19 0.16 0.16 0.11 
22 51 541 102 125 108 134 141 19 17 33 100 58 36 94 44 16 36 74 20 65 38 66 96 27 29 85 70 37 74 93 97 76 3360 0.15 0.12 0.05 0.03 0.03 
23 318 878 139 142 115 130 130 28 90 67 62 25 26 15 94 23 100 93 46 42 29 34 73 31 42 95 28 72 100 36 20 84 2265 0.01 0.01 0.03 0.08 0.16 
24 660 368 136 111 138 103 127 53 14 40 24 58 17 38 99 74 62 67 57 99 96 80 84 89 81 55 39 15 98 56 79 57 2850 0.06 0.07 0.15 0.20 0.01 
25 111 375 106 115 143 102 121 75 16 100 55 73 15 68 87 13 13 45 57 66 78 61 85 92 72 31 11 84 49 58 95 25 2745 0.03 0.03 0.09 0.04 0.20 
26 64 726 107 110 121 137 108 88 26 90 63 22 28 51 59 42 36 65 18 50 87 92 44 86 27 86 80 82 73 75 49 74 3320 0.17 0.10 0.09 0.06 0.03 
27 115 833 114 112 135 114 143 72 48 14 22 13 23 51 65 25 46 41 32 43 97 13 34 51 41 21 39 24 54 29 52 67 3360 0.04 0.10 0.02 0.14 0.13 
28 246 858 143 107 130 148 117 23 90 60 76 31 18 79 45 74 12 14 75 75 57 88 37 91 98 61 20 33 43 50 58 91 2910 0.03 0.06 0.05 0.01 0.10 
29 189 549 147 126 150 127 125 73 73 43 19 38 46 85 56 25 73 75 86 17 62 18 63 27 92 92 50 20 84 86 20 22 3400 0.10 0.16 0.04 0.11 0.11 
30 832 763 150 135 130 117 102 57 66 55 54 40 61 53 47 62 68 53 59 65 99 68 47 77 22 31 26 39 60 11 22 61 3080 0.13 0.06 0.18 0.10 0.07 
31 493 442 139 126 114 122 139 75 34 71 89 39 53 89 48 15 35 26 17 53 34 45 35 19 25 76 64 45 11 44 44 77 2655 0.20 0.09 0.00 0.11 0.07 
32 810 422 116 112 125 105 141 86 48 19 23 25 65 48 22 29 34 43 100 45 26 96 21 39 73 79 37 33 57 66 66 95 3360 0.01 0.08 0.11 0.16 0.04 
33 827 330 138 124 149 147 110 85 89 97 29 83 25 60 53 60 70 84 11 32 59 33 76 50 35 36 38 85 34 20 20 59 2730 0.10 0.13 0.09 0.16 0.10 
34 312 256 133 116 108 101 102 54 49 83 49 32 70 42 67 100 17 35 42 43 91 78 62 87 76 94 69 23 60 45 77 61 3180 0.03 0.00 0.14 0.19 0.12 
35 779 430 149 133 103 108 133 33 73 56 39 97 33 49 27 13 100 78 55 33 100 30 45 58 43 68 46 40 69 49 85 35 3060 0.15 0.10 0.17 0.10 0.13 
36 742 507 137 145 131 134 111 43 72 93 97 12 30 63 28 64 59 96 27 21 55 18 55 54 65 27 76 24 16 21 16 32 3580 0.17 0.19 0.16 0.08 0.18 
37 293 48 104 136 119 127 133 69 56 26 43 13 15 57 63 45 11 62 28 44 35 41 46 98 70 78 96 81 48 20 86 89 2775 0.19 0.18 0.15 0.03 0.09 
38 813 807 119 136 141 117 143 38 90 70 96 13 39 90 79 77 87 98 64 34 44 44 15 81 21 17 85 27 67 18 39 42 2385 0.02 0.03 0.04 0.13 0.09 
39 992 408 127 123 133 117 108 58 30 44 86 27 19 22 92 41 79 52 85 57 70 63 77 53 16 39 64 43 43 52 11 61 3160 0.14 0.16 0.05 0.13 0.14 
40 766 836 104 141 108 110 139 92 56 97 64 97 73 66 58 47 95 53 33 64 41 27 44 27 70 91 36 68 26 84 75 26 3900 0.07 0.12 0.11 0.01 0.00 
