100 5 1 3 55180
544 764
12377 12682 12492 12323 12497 13000 12700 13000 11200 12800 8300 8700 7400 5900 7700 13400 12600 6700 7100 6300 0.01 0.01 0.01 0.01 0.01 
1 299 373 117 127 118 146 150 74 21 65 48 36 31 59 42 51 14 53 54 53 21 91 2610 0.01 0.16 0.12 0.02 0.15 
2 70 58 104 144 120 104 107 13 23 40 39 86 23 69 59 22 62 31 65 74 32 18 2580 0.14 0.16 0.09 0.09 0.08 
3 353 934 101 133 139 119 149 29 57 92 86 67 32 79 85 91 59 53 50 17 53 15 2550 0.14 0.07 0.15 0.10 0.16 
4 334 739 116 132 116 150 142 30 43 86 34 78 23 99 45 30 36 18 56 20 34 46 3200 0.14 0.07 0.15 0.00 0.02 
5 556 587 101 124 104 127 110 99 42 61 27 36 26 48 29 93 100 90 31 45 60 78 3760 0.12 0.02 0.10 0.19 0.17 
6 626 8 146 135 101 130 130 85 98 16 58 98 42 23 35 44 79 78 40 98 98 64 3920 0.09 0.15 0.13 0.11 0.05 
7 807 449 119 116 137 133 143 49 24 43 29 58 56 51 91 90 34 82 68 73 87 23 3060 0.02 0.07 0.19 0.17 0.20 
8 136 514 126 129 126 117 121 60 46 98 40 58 16 14 32 89 73 26 79 83 94 79 2940 0.14 0.16 0.16 0.01 0.15 
9 838 126 133 143 148 148 107 25 86 35 46 60 52 65 91 58 41 13 73 44 79 52 2385 0.03 0.17 0.03 0.19 0.13 
10 723 155 147 128 119 139 106 20 53 33 77 45 92 87 47 15 94 14 31 76 39 92 3800 0.09 0.15 0.18 0.06 0.18 
11 690 97 121 119 113 117 105 39 62 77 84 34 20 25 97 67 63 57 69 77 27 94 4000 0.06 0.03 0.19 0.01 0.01 
12 970 185 131 128 116 120 133 78 28 38 95 19 36 28 54 94 72 17 39 75 95 57 2850 0.15 0.13 0.03 0.17 0.12 
13 591 829 122 126 118 118 124 74 60 75 88 27 48 52 65 23 20 50 29 78 99 14 3140 0.17 0.12 0.05 0.10 0.15 
14 111 461 103 141 131 109 130 52 89 23 63 66 50 65 45 83 19 40 91 20 68 88 3040 0.17 0.09 0.06 0.09 0.15 
15 471 939 108 123 103 136 120 89 21 65 86 27 92 67 33 68 67 48 34 90 44 15 2565 0.04 0.05 0.12 0.13 0.11 
16 430 183 150 124 125 128 140 78 33 21 87 50 35 41 90 32 19 84 81 17 38 98 2595 0.14 0.09 0.01 0.19 0.01 
17 755 441 136 122 108 114 129 94 43 61 53 100 13 87 68 84 89 99 46 41 53 93 3640 0.19 0.05 0.17 0.08 0.06 
18 23 870 125 124 132 121 129 43 91 45 13 61 27 25 18 50 53 39 32 74 17 44 3180 0.15 0.09 0.09 0.19 0.06 
19 88 53 127 144 102 113 102 77 87 13 32 77 69 93 33 20 34 53 67 36 69 88 3040 0.10 0.15 0.08 0.19 0.04 
20 430 655 120 130 110 139 113 63 69 31 72 87 33 18 66 55 37 68 25 34 77 14 2505 0.10 0.16 0.04 0.05 0.04 
21 484 143 130 143 137 134 104 39 65 39 85 78 83 62 82 40 36 31 15 46 83 79 2820 0.13 0.00 0.18 0.09 0.04 
22 52 186 105 127 149 128 124 81 50 55 40 14 81 86 14 68 95 46 17 50 100 23 4000 0.19 0.12 0.04 0.19 0.10 
23 230 806 122 105 119 115 118 91 38 67 82 64 32 44 90 32 58 51 56 57 33 57 3140 0.19 0.03 0.01 0.11 0.08 
24 653 358 117 136 131 110 111 59 77 67 43 59 68 42 15 92 88 52 78 97 85 98 2715 0.19 0.01 0.18 0.03 0.02 
25 919 146 134 109 109 129 124 48 41 68 59 54 57 73 14 100 57 31 79 60 68 57 3520 0.16 0.11 0.14 0.16 0.09 
26 64 789 113 103 102 131 113 51 61 67 28 80 91 88 60 57 59 48 100 26 98 91 3140 0.08 0.20 0.04 0.19 0.14 
27 912 91 143 129 136 121 128 13 11 72 67 14 42 57 26 86 34 39 26 39 57 86 2985 0.14 0.17 0.16 0.14 0.01 
28 589 169 126 150 108 106 126 53 35 14 96 28 72 21 32 56 18 23 21 90 82 36 3580 0.08 0.09 0.11 0.04 0.05 
29 589 63 149 135 143 115 145 33 21 93 76 98 15 31 66 65 73 52 22 62 19 36 3900 0.09 0.07 0.09 0.18 0.18 
30 845 168 109 101 146 109 135 49 100 29 54 37 86 41 40 71 56 75 30 86 14 73 2850 0.04 0.01 0.05 0.11 0.10 
31 779 185 106 124 135 118 107 55 89 78 17 88 59 74 99 74 31 32 73 51 31 43 2295 0.14 0.13 0.18 0.15 0.17 
32 166 60 109 105 133 147 111 98 69 60 98 65 55 23 50 20 76 37 56 99 13 99 2955 0.19 0.12 0.20 0.12 0.10 
33 891 581 148 121 145 111 147 18 95 11 54 49 87 55 33 83 95 18 70 25 28 81 2940 0.17 0.20 0.07 0.08 0.20 
34 781 861 141 135 130 138 111 87 35 21 35 100 86 48 56 79 91 35 64 94 46 22 3320 0.06 0.01 0.12 0.06 0.08 
35 836 313 122 126 113 129 133 98 93 30 65 100 18 48 94 63 34 32 83 48 42 14 2595 0.11 0.14 0.19 0.12 0.06 
36 116 915 107 139 116 113 135 23 68 61 88 44 83 13 98 86 22 79 30 23 40 42 2595 0.10 0.06 0.18 0.04 0.05 
37 484 531 139 116 145 102 146 59 40 88 91 16 66 88 66 89 52 84 96 65 90 94 3640 0.02 0.07 0.18 0.08 0.06 
38 688 831 135 124 121 146 103 24 90 42 39 20 57 75 43 31 31 67 44 62 25 83 3800 0.05 0.03 0.05 0.13 0.01 
39 632 573 125 103 132 136 132 56 72 57 13 62 35 70 68 49 50 41 84 36 12 29 2910 0.15 0.02 0.16 0.19 0.07 
40 186 760 106 128 120 123 136 15 47 41 55 75 78 61 52 38 53 39 29 75 34 19 3080 0.14 0.14 0.11 0.17 0.10 
41 371 41 143 138 101 102 142 95 72 65 12 40 47 70 15 88 42 67 63 47 98 58 2670 0.06 0.01 0.11 0.19 0.12 
42 754 959 112 128 133 131 111 20 52 58 17 50 45 87 73 67 22 40 46 54 67 77 2925 0.20 0.12 0.05 0.01 0.03 
43 824 220 130 126 111 141 129 47 97 79 16 22 56 57 16 94 72 98 92 43 84 55 2595 0.09 0.06 0.13 0.01 0.10 
44 503 294 140 118 139 132 103 52 46 27 76 66 15 74 22 44 15 76 12 67 65 44 2565 0.15 0.17 0.17 0.01 0.10 
45 332 994 146 140 115 149 130 71 36 98 52 97 82 64 69 95 64 73 80 36 43 57 2535 0.14 0.11 0.17 0.11 0.08 
46 580 20 144 146 104 105 137 99 30 56 27 61 38 94 97 39 91 13 39 44 67 12 3520 0.13 0.09 0.05 0.03 0.06 
47 475 143 116 133 148 102 139 97 26 39 33 25 95 52 70 39 60 52 90 81 66 96 3340 0.13 0.04 0.15 0.03 0.09 
48 4 110 122 123 113 150 141 15 18 80 99 58 14 52 49 64 77 63 32 14 83 60 3000 0.18 0.13 0.12 0.02 0.08 
49 18 316 107 129 120 108 119 29 40 75 20 57 87 22 99 70 24 94 36 25 16 41 2955 0.07 0.07 0.19 0.01 0.19 
50 630 493 117 114 149 110 139 67 79 35 16 23 68 99 86 35 17 85 72 72 99 76 3820 0.13 0.10 0.18 0.20 0.10 
51 543 636 123 108 105 131 119 72 59 73 45 31 18 50 31 18 17 67 93 38 54 25 2415 0.20 0.15 0.04 0.10 0.13 
52 365 245 114 133 133 123 115 96 99 30 71 32 50 91 97 92 15 78 80 70 32 22 3320 0.10 0.02 0.14 0.05 0.07 
53 159 368 132 137 116 148 112 93 84 73 13 78 24 27 67 77 58 50 42 81 64 57 3900 0.17 0.06 0.13 0.20 0.19 
54 145 725 107 148 146 105 106 54 77 42 11 85 91 60 77 57 16 32 36 63 23 87 3620 0.06 0.12 0.06 0.12 0.05 
55 570 136 122 124 104 141 148 55 75 49 68 75 84 66 62 63 18 79 99 66 15 53 3420 0.03 0.03 0.10 0.15 0.08 
56 699 449 109 113 113 111 109 53 96 63 97 46 46 30 49 50 11 44 50 94 92 96 2760 0.12 0.13 0.08 0.15 0.02 
57 51 619 111 116 147 136 129 85 18 12 70 42 39 77 61 35 11 67 39 68 70 89 2355 0.20 0.07 0.00 0.12 0.15 
58 616 464 142 145 137 130 109 35 81 75 44 17 63 45 68 13 92 41 57 70 52 39 2595 0.01 0.15 0.10 0.08 0.15 
59 277 640 148 121 144 103 133 66 87 69 23 62 94 77 30 77 33 33 88 80 59 32 3160 0.17 0.13 0.19 0.13 0.03 
60 831 270 130 127 118 123 104 62 73 66 93 26 22 19 54 83 30 78 22 65 75 84 3760 0.15 0.15 0.10 0.08 0.14 
61 371 124 133 145 121 113 130 91 22 53 40 14 56 26 24 25 96 52 51 26 93 90 2490 0.15 0.12 0.15 0.10 0.02 
62 351 429 130 150 118 104 142 58 43 36 47 88 61 95 67 27 81 48 65 50 90 99 3780 0.17 0.12 0.01 0.09 0.07 
63 741 72 144 141 144 117 101 100 27 17 52 38 40 88 42 48 58 55 86 72 70 96 3000 0.09 0.06 0.08 0.01 0.07 
64 324 779 139 129 120 118 150 51 43 42 11 88 32 27 23 78 22 84 30 69 76 89 2610 0.07 0.02 0.15 0.14 0.10 
65 681 704 108 140 136 123 134 66 69 50 63 31 60 52 88 28 28 38 89 57 17 31 2325 0.05 0.19 0.10 0.06 0.14 
66 54 330 103 132 118 101 148 75 21 42 22 39 95 50 44 46 24 23 17 12 69 59 3820 0.09 0.06 0.07 0.07 0.17 
67 457 34 107 102 129 122 126 67 71 85 12 79 89 74 82 41 27 30 82 88 84 55 3040 0.12 0.01 0.08 0.19 0.08 
68 924 735 146 112 139 114 115 96 98 31 44 60 29 48 20 47 12 68 98 11 51 71 2325 0.13 0.05 0.03 0.14 0.13 
69 132 675 112 131 115 132 147 33 99 61 82 26 25 44 89 40 35 20 69 17 52 93 2430 0.04 0.19 0.03 0.09 0.02 
70 321 993 139 106 144 113 127 99 88 78 11 60 40 36 32 22 61 78 49 46 92 39 3920 0.20 0.15 0.20 0.18 0.18 
71 624 653 135 107 103 143 120 26 67 12 96 60 65 52 43 43 54 56 86 56 18 29 2520 0.10 0.11 0.20 0.05 0.11 
72 181 135 108 150 114 111 150 72 18 79 71 95 33 22 40 71 34 96 59 43 41 87 3620 0.13 0.02 0.11 0.04 0.02 
73 846 560 107 112 119 136 138 98 15 27 45 16 89 90 19 13 41 18 14 28 45 68 2595 0.00 0.03 0.08 0.03 0.14 
74 804 219 101 137 106 122 146 15 84 51 62 69 68 58 59 56 23 37 58 40 84 99 3260 0.04 0.07 0.05 0.07 0.15 
75 908 371 124 124 111 106 123 81 26 94 66 64 25 83 43 43 50 60 15 18 86 68 2910 0.15 0.04 0.17 0.03 0.09 
76 1 694 113 147 137 127 124 16 78 24 71 77 100 53 85 69 28 62 87 28 62 84 3820 0.19 0.03 0.14 0.03 0.00 
77 781 472 104 128 139 106 120 76 16 92 29 74 76 35 62 62 83 99 36 47 65 23 3360 0.11 0.16 0.13 0.15 0.10 
78 833 883 108 124 132 111 128 53 18 28 99 33 39 99 48 58 61 67 56 54 51 57 2640 0.08 0.20 0.17 0.04 0.13 
79 581 412 124 110 105 126 139 17 68 66 47 76 75 66 60 30 70 41 25 87 88 41 2460 0.16 0.11 0.08 0.16 0.08 
80 460 317 150 111 150 109 116 11 77 49 94 25 67 51 88 48 17 12 31 79 18 47 3180 0.17 0.09 0.16 0.08 0.17 
81 46 606 115 120 135 140 142 19 44 11 44 82 78 48 61 22 98 74 93 94 92 40 3000 0.19 0.09 0.19 0.08 0.04 
82 624 76 145 138 130 109 120 30 17 65 17 11 21 40 82 88 94 74 88 67 49 22 2400 0.06 0.06 0.16 0.14 0.06 
83 922 432 115 107 128 135 105 99 71 38 87 15 73 77 22 27 61 68 13 55 31 53 3660 0.16 0.10 0.11 0.02 0.06 
84 474 627 108 145 124 136 123 97 71 73 99 77 54 11 93 41 19 50 35 53 21 83 2445 0.06 0.16 0.03 0.16 0.07 
85 727 179 124 137 111 140 119 64 67 14 39 33 84 39 48 29 40 93 91 79 28 32 4000 0.18 0.06 0.17 0.14 0.08 
86 113 617 108 123 124 117 112 29 55 93 20 79 76 24 95 33 23 53 53 43 84 45 2625 0.19 0.10 0.17 0.05 0.06 
87 370 796 110 126 109 119 121 34 94 68 48 15 11 43 43 40 65 53 63 57 30 63 2640 0.05 0.02 0.07 0.15 0.19 
88 888 98 126 134 126 134 127 51 100 42 67 71 43 72 21 66 50 54 83 68 13 62 3520 0.13 0.18 0.13 0.15 0.05 
89 792 520 130 150 131 141 135 89 16 91 47 86 16 29 39 93 56 58 92 92 45 29 2940 0.20 0.07 0.17 0.18 0.00 
90 850 553 113 132 146 142 147 48 74 29 64 30 52 35 21 30 13 72 33 63 46 14 3880 0.18 0.01 0.02 0.05 0.18 
91 566 188 148 122 149 107 133 35 13 82 83 86 24 37 25 36 96 13 63 88 75 29 2670 0.20 0.02 0.10 0.01 0.04 
92 591 70 143 101 124 138 106 31 32 56 13 15 15 28 16 39 93 38 89 90 17 45 2355 0.04 0.12 0.07 0.06 0.02 
93 131 440 104 124 104 106 104 33 53 21 98 43 19 99 59 82 49 37 59 78 16 28 2850 0.10 0.15 0.03 0.02 0.01 
94 722 932 114 130 149 126 127 92 73 65 45 19 93 79 57 38 90 94 37 52 65 93 2310 0.03 0.01 0.12 0.17 0.05 
95 350 5 113 118 140 121 129 59 64 76 28 72 79 64 18 28 98 16 61 95 77 94 3220 0.12 0.12 0.00 0.14 0.04 
96 565 135 137 133 128 111 127 92 95 16 32 50 86 28 36 57 53 28 85 79 75 15 2850 0.02 0.01 0.17 0.14 0.01 
97 519 422 125 119 120 116 116 89 43 99 100 67 66 15 59 67 67 54 44 90 16 76 3240 0.07 0.08 0.16 0.08 0.05 
98 287 301 143 114 124 144 122 39 77 83 38 79 33 44 71 60 89 89 72 85 18 83 3460 0.07 0.08 0.05 0.15 0.04 
99 299 391 126 112 101 109 102 18 52 42 34 26 73 48 67 98 78 51 59 75 15 13 3740 0.14 0.14 0.07 0.01 0.19 
100 725 870 141 141 137 108 103 50 83 49 24 47 25 19 78 39 75 99 15 19 33 52 2805 0.12 0.02 0.10 0.06 0.09 
