100 3 1 3 33698
460 680
12381 12649 12220 9700 9300 9200 8100 7400 11400 9800 10300 11400 0.01 0.01 0.01 
1 877 984 140 130 123 49 98 57 44 68 77 55 94 35 1449 0.03 0.05 0.14 
2 242 815 103 120 127 91 87 69 54 73 16 97 71 96 2268 0.02 0.03 0.11 
3 411 533 115 136 108 48 89 91 61 81 61 24 44 95 2208 0.09 0.01 0.12 
4 882 536 125 102 140 68 90 66 97 74 70 95 21 56 1920 0.06 0.10 0.15 
5 27 959 106 106 128 91 38 52 77 75 29 13 67 77 2208 0.10 0.03 0.12 
6 797 477 122 125 121 87 82 80 73 89 75 85 31 69 2196 0.01 0.18 0.09 
7 920 325 109 105 110 31 73 56 32 79 76 41 90 34 2016 0.14 0.18 0.05 
8 715 485 114 122 120 46 27 78 57 51 23 60 98 60 1920 0.06 0.18 0.04 
9 829 446 127 137 111 51 66 55 27 44 94 13 33 89 2388 0.02 0.01 0.11 
10 99 869 137 115 130 66 90 96 91 76 22 65 78 20 1629 0.10 0.19 0.06 
11 963 635 120 126 124 61 34 84 46 52 17 76 30 65 2364 0.05 0.02 0.19 
12 161 700 112 148 137 43 61 26 42 58 41 26 83 89 2328 0.06 0.07 0.18 
13 434 911 111 150 101 45 39 32 12 31 67 95 24 66 2256 0.06 0.02 0.14 
14 168 730 116 135 105 38 30 34 96 29 90 63 99 18 2196 0.19 0.13 0.18 
15 719 300 118 112 136 31 63 87 95 94 77 15 85 18 1665 0.05 0.01 0.17 
16 249 820 118 115 138 39 23 91 77 33 96 78 56 45 1872 0.04 0.12 0.03 
17 670 687 115 145 126 96 86 88 94 62 92 13 75 84 1956 0.11 0.20 0.05 
18 259 132 118 143 148 63 48 13 87 41 95 15 100 94 1395 0.04 0.01 0.09 
19 856 280 142 115 113 96 72 39 29 42 89 94 75 37 2136 0.13 0.03 0.02 
20 952 717 117 117 132 34 64 42 71 37 58 100 29 86 1773 0.15 0.16 0.06 
21 20 98 122 147 122 56 78 85 80 74 17 60 28 43 2304 0.04 0.14 0.03 
22 928 534 111 113 122 96 20 58 21 86 52 55 93 87 1602 0.13 0.16 0.15 
23 438 162 137 134 105 94 18 14 61 55 84 37 12 94 2124 0.11 0.05 0.14 
24 467 784 107 104 118 40 65 35 67 72 43 52 90 63 2088 0.11 0.04 0.19 
25 692 284 131 106 106 28 36 56 90 53 76 44 14 36 1557 0.08 0.07 0.20 
26 674 608 146 113 145 22 74 95 11 78 58 11 92 40 1539 0.19 0.19 0.02 
27 605 744 141 134 131 84 48 22 23 16 61 27 69 96 1359 0.04 0.14 0.17 
28 228 746 137 133 119 75 16 68 61 38 83 71 51 79 2112 0.16 0.03 0.03 
29 776 536 110 116 130 25 87 38 18 18 40 75 22 52 1404 0.07 0.05 0.09 
30 582 76 141 122 109 43 69 89 99 75 88 31 91 20 1395 0.03 0.10 0.05 
31 331 703 122 119 117 11 60 40 11 78 61 81 29 17 1728 0.02 0.12 0.01 
32 540 562 116 148 125 36 12 64 90 31 42 96 59 90 1611 0.03 0.19 0.06 
33 257 322 118 127 103 20 12 41 30 54 15 40 39 18 1485 0.10 0.13 0.14 
34 230 876 131 133 143 80 96 51 20 99 32 61 84 84 1377 0.17 0.04 0.13 
35 672 92 124 114 142 55 62 65 64 29 85 80 59 43 2160 0.01 0.17 0.19 
36 143 363 117 117 129 62 85 77 20 31 43 53 60 59 1476 0.05 0.08 0.01 
37 584 110 102 101 127 69 94 22 27 11 39 72 38 25 1629 0.20 0.17 0.11 
38 290 703 147 125 126 58 80 90 20 56 27 73 52 81 2052 0.09 0.07 0.09 
39 919 399 118 104 133 42 32 53 100 93 69 91 38 29 2112 0.18 0.15 0.11 
40 956 30 146 129 140 36 52 21 39 83 41 56 82 49 1992 0.02 0.18 0.09 
41 562 266 135 106 108 75 59 41 42 78 14 69 35 45 2280 0.08 0.16 0.18 
42 70 192 114 125 124 64 90 90 61 27 85 62 16 81 1737 0.12 0.00 0.14 
43 345 391 103 142 150 49 91 77 80 88 30 52 57 24 1548 0.15 0.00 0.17 
44 8 577 150 146 104 38 79 39 42 33 22 72 44 58 1458 0.10 0.05 0.16 
45 628 714 136 131 108 21 42 55 91 78 51 65 66 18 1860 0.11 0.18 0.15 
46 942 193 142 106 107 15 20 30 85 64 24 80 94 26 1494 0.10 0.05 0.19 
47 68 967 111 111 104 51 77 19 64 63 96 38 75 79 2172 0.06 0.00 0.14 
48 980 223 146 121 117 21 90 61 66 79 44 82 94 23 1683 0.08 0.17 0.11 
49 924 574 135 130 103 44 60 91 73 31 24 75 100 78 1548 0.08 0.00 0.15 
50 580 636 139 110 140 47 66 49 14 97 99 65 12 82 1683 0.08 0.20 0.05 
51 488 990 115 126 143 85 27 98 59 69 81 28 27 50 2316 0.07 0.06 0.13 
52 558 902 114 114 131 83 85 34 64 83 57 15 22 76 2112 0.05 0.18 0.12 
53 947 31 107 142 141 68 86 31 20 46 74 18 97 12 2292 0.01 0.00 0.06 
54 803 659 142 135 116 87 13 23 15 71 15 42 69 35 2352 0.20 0.15 0.10 
55 721 480 117 119 105 25 33 78 63 18 64 64 65 76 2196 0.10 0.17 0.11 
56 478 184 115 137 134 11 93 89 39 77 96 33 39 72 1968 0.08 0.20 0.04 
57 47 140 124 110 112 87 14 12 31 14 16 30 50 21 1710 0.18 0.02 0.00 
58 76 393 144 117 150 11 50 60 16 13 28 34 36 37 1656 0.03 0.12 0.14 
59 456 115 102 150 102 72 18 55 19 94 46 81 91 40 1647 0.05 0.01 0.04 
60 51 943 139 144 132 32 100 43 31 68 51 68 63 42 1566 0.17 0.09 0.12 
61 776 568 149 137 106 30 92 16 55 21 90 49 35 43 2268 0.15 0.05 0.02 
62 654 99 103 143 117 30 74 83 85 16 23 34 31 76 1620 0.00 0.03 0.13 
63 950 320 107 147 132 92 13 36 58 44 80 62 56 13 2244 0.14 0.12 0.17 
64 44 545 124 137 116 77 54 43 93 45 32 95 57 11 1521 0.04 0.09 0.16 
65 289 505 102 145 101 70 78 22 60 100 99 49 73 96 1359 0.04 0.09 0.14 
66 795 880 141 131 102 39 46 82 41 82 55 16 28 25 1683 0.17 0.07 0.00 
67 280 919 117 134 136 40 96 43 57 96 88 99 42 53 1836 0.10 0.18 0.16 
68 994 242 107 148 135 40 69 47 92 86 61 95 26 83 1665 0.12 0.05 0.16 
69 504 256 104 112 112 50 15 74 91 58 93 33 20 34 1932 0.05 0.03 0.14 
70 198 102 117 137 106 84 30 82 46 89 97 82 45 11 1992 0.15 0.02 0.06 
71 700 413 126 141 117 81 81 14 32 14 20 21 54 58 1440 0.14 0.20 0.17 
72 916 117 125 117 139 83 94 100 69 97 12 47 21 65 1647 0.14 0.10 0.18 
73 268 760 150 138 104 51 57 33 86 22 88 29 23 18 1395 0.16 0.08 0.18 
74 338 629 104 118 123 37 77 14 55 56 50 26 30 35 1548 0.08 0.19 0.05 
75 950 358 132 138 140 75 20 42 93 89 44 28 64 68 1737 0.16 0.01 0.19 
76 345 995 113 110 104 39 98 78 93 61 95 93 23 100 1611 0.17 0.19 0.20 
77 278 150 108 117 149 91 73 80 82 84 92 41 43 39 1956 0.05 0.14 0.11 
78 64 442 119 104 121 37 34 53 97 92 97 74 60 19 1440 0.07 0.09 0.19 
79 60 190 123 134 114 33 95 45 46 29 48 13 28 94 1566 0.15 0.05 0.09 
80 141 461 130 130 127 39 26 12 29 14 42 25 18 27 1728 0.07 0.04 0.18 
81 997 560 105 119 130 71 97 69 40 74 43 68 18 82 1611 0.11 0.01 0.08 
82 581 181 103 112 119 77 52 61 69 52 65 56 73 75 1377 0.17 0.06 0.09 
83 471 98 134 135 131 53 71 61 42 59 82 18 21 94 2268 0.10 0.06 0.18 
84 297 325 143 135 107 47 69 81 27 76 44 86 57 47 1701 0.14 0.00 0.11 
85 15 185 110 128 138 67 18 38 68 76 95 68 60 91 2256 0.20 0.13 0.13 
86 264 222 131 139 111 33 31 72 60 71 51 54 51 86 1683 0.00 0.06 0.05 
87 12 408 134 142 129 51 54 35 82 82 15 64 42 49 1404 0.07 0.12 0.01 
88 871 660 126 130 132 80 78 51 11 20 20 38 32 47 1968 0.01 0.05 0.10 
89 988 395 144 148 110 36 85 25 26 92 57 90 88 52 1692 0.10 0.12 0.19 
90 516 19 149 137 102 93 38 39 40 63 80 79 13 48 1602 0.07 0.12 0.01 
91 389 817 132 107 118 79 18 59 97 26 24 62 57 37 1521 0.04 0.02 0.07 
92 261 314 122 137 134 34 91 20 52 100 18 25 69 45 1701 0.06 0.03 0.09 
93 438 7 104 102 139 37 73 63 42 11 80 39 35 51 1692 0.15 0.12 0.08 
94 838 529 147 142 104 22 83 18 68 16 99 47 47 23 1584 0.04 0.19 0.10 
95 857 517 134 145 115 32 59 16 57 63 27 96 60 85 1824 0.07 0.02 0.08 
96 421 480 120 135 122 36 95 76 100 11 99 51 39 73 2304 0.03 0.12 0.14 
97 561 68 109 135 112 94 47 73 81 96 98 75 32 43 1710 0.08 0.18 0.16 
98 905 589 147 102 117 54 82 59 14 70 48 15 77 43 1647 0.03 0.01 0.08 
99 108 297 120 112 129 96 20 81 23 90 40 61 27 85 2052 0.18 0.06 0.18 
100 880 374 127 124 119 75 65 24 82 98 86 60 59 30 1746 0.16 0.00 0.07 
