100 3 5 7 6624
101 391
12371 12988 12210 10600 11600 12200 14000 7400 11000 5800 9100 6700 6000 10700 13800 10000 6300 13400 13500 6900 5300 13000 12100 9200 0.01 0.01 0.01 
1 279 732 147 117 108 48 20 71 85 19 18 64 85 77 48 17 72 34 30 61 43 84 55 73 69 52 2352 0.12 0.10 0.15 
2 913 26 128 120 112 34 60 85 70 30 54 34 38 100 68 96 71 53 77 65 20 55 19 44 75 61 2160 0.02 0.03 0.03 
3 64 80 104 127 118 48 63 93 17 44 47 92 36 54 31 84 76 73 60 37 31 53 98 65 27 20 1431 0.02 0.08 0.15 
4 221 350 138 138 107 59 100 23 28 95 21 19 99 24 40 82 52 12 93 91 24 41 50 40 19 59 1503 0.05 0.01 0.15 
5 809 289 105 108 130 27 21 96 44 16 16 14 14 80 55 47 31 18 40 60 15 100 99 44 19 19 1503 0.13 0.13 0.17 
6 728 619 112 136 132 49 11 75 82 68 81 47 46 26 88 83 46 96 74 17 78 15 16 21 75 24 1746 0.17 0.18 0.16 
7 618 93 142 146 123 49 29 37 82 48 17 28 14 44 31 48 41 26 21 85 50 13 90 60 77 65 1728 0.20 0.19 0.10 
8 87 860 112 131 127 57 49 70 38 49 38 18 93 13 12 41 43 80 13 64 53 43 15 64 71 69 2316 0.06 0.03 0.04 
9 426 959 110 136 120 81 59 82 70 97 19 39 64 41 41 94 36 20 96 73 48 60 39 64 30 60 1638 0.15 0.20 0.00 
10 331 816 112 145 117 40 85 12 62 43 20 90 73 83 12 28 18 74 76 98 23 84 37 38 65 86 1908 0.05 0.05 0.11 
11 292 822 101 130 107 63 16 58 24 48 30 13 54 85 72 72 54 97 47 95 21 23 83 49 40 68 1782 0.08 0.19 0.01 
12 316 882 119 102 111 25 100 91 38 99 20 93 63 39 41 86 83 37 84 83 95 87 65 95 78 84 1860 0.05 0.15 0.06 
13 446 205 136 129 104 53 79 45 43 77 16 35 31 63 38 16 97 64 52 99 98 57 25 92 34 61 1920 0.15 0.03 0.11 
14 305 521 148 136 130 69 95 61 11 33 66 35 48 49 95 16 46 21 57 19 54 62 85 45 47 45 1764 0.04 0.18 0.20 
15 766 205 114 149 101 54 32 94 54 54 22 40 59 79 68 64 24 40 20 48 25 42 85 21 78 29 1485 0.13 0.12 0.13 
16 821 101 148 146 145 28 40 42 34 45 53 63 63 41 38 79 16 67 50 67 65 27 51 75 56 69 1944 0.07 0.01 0.15 
17 862 507 127 122 134 63 63 63 86 98 67 49 29 41 94 97 47 61 99 27 63 11 29 37 18 87 1920 0.10 0.10 0.08 
18 318 883 111 111 117 94 35 30 41 84 48 41 29 72 44 77 70 94 75 72 37 53 90 64 61 39 2040 0.09 0.02 0.05 
19 939 190 119 137 113 72 46 85 12 29 33 95 51 66 13 27 87 58 92 82 80 82 33 95 42 61 1629 0.11 0.01 0.10 
20 727 966 144 123 118 34 75 26 87 56 48 81 50 98 78 28 84 88 71 69 51 94 91 45 35 14 2004 0.04 0.15 0.18 
21 180 498 115 131 113 87 25 62 73 70 61 16 100 13 23 27 49 100 88 30 90 16 72 34 40 75 1896 0.17 0.06 0.16 
22 839 254 110 117 108 25 75 20 50 96 70 55 31 19 14 100 57 65 49 84 38 74 18 23 13 82 2064 0.18 0.15 0.08 
23 502 350 121 131 104 11 86 15 50 81 36 56 19 64 76 18 73 41 56 76 83 15 83 57 17 27 2292 0.06 0.03 0.02 
24 967 545 103 137 101 21 29 37 22 61 63 29 71 83 99 40 17 39 85 14 29 51 49 75 20 65 2400 0.10 0.12 0.20 
25 678 853 121 109 148 21 16 23 84 29 37 13 59 47 49 88 53 39 72 43 52 92 81 78 11 97 1920 0.13 0.05 0.02 
26 300 756 105 125 110 95 36 76 41 54 64 95 22 41 95 61 45 34 32 28 35 76 60 13 76 56 1773 0.02 0.12 0.11 
27 888 451 110 130 115 72 78 84 12 84 100 58 73 88 34 34 84 57 17 74 42 96 33 44 33 40 2280 0.03 0.09 0.04 
28 743 178 121 141 119 18 37 46 71 20 97 28 69 67 34 92 12 43 99 68 40 78 53 35 11 82 2184 0.14 0.18 0.03 
29 695 571 133 147 145 57 62 64 79 33 22 96 80 24 57 72 25 51 70 18 61 75 60 47 75 42 1512 0.05 0.05 0.01 
30 632 797 144 134 132 92 19 87 32 42 98 79 78 92 72 49 68 74 70 82 82 38 93 28 64 86 2172 0.02 0.19 0.01 
31 560 299 138 101 144 18 21 15 39 52 12 69 41 60 91 41 27 65 100 98 43 70 90 60 34 76 1584 0.09 0.04 0.05 
32 858 92 124 142 119 43 51 66 34 55 67 92 60 52 64 90 30 80 52 77 84 32 67 44 55 42 2304 0.15 0.10 0.01 
33 713 261 110 144 108 56 11 40 79 55 58 70 17 21 44 97 93 23 100 52 83 75 18 78 81 11 2076 0.18 0.08 0.19 
34 51 755 111 105 133 18 75 91 86 81 48 55 55 28 94 13 72 68 12 19 46 90 78 76 32 78 2112 0.15 0.17 0.20 
35 316 242 129 143 124 87 58 86 72 39 86 78 40 57 44 94 28 11 57 72 54 84 49 81 15 27 2316 0.15 0.04 0.20 
36 809 448 133 147 128 61 15 40 32 95 25 99 16 56 26 99 35 78 17 49 23 50 50 93 17 28 1521 0.20 0.02 0.13 
37 384 942 134 128 132 47 56 49 30 50 25 80 31 87 99 81 22 38 88 39 62 80 78 54 86 57 1674 0.11 0.19 0.18 
38 863 80 114 150 104 15 90 93 34 91 17 65 37 52 34 18 63 62 57 90 18 71 29 23 18 37 1755 0.07 0.19 0.04 
39 835 896 142 135 142 29 16 43 14 96 49 68 38 71 55 97 33 68 15 57 74 85 37 86 93 63 1593 0.13 0.17 0.01 
40 117 516 150 117 110 13 61 59 68 19 60 88 49 58 46 45 43 14 49 22 74 93 11 59 85 25 1848 0.08 0.13 0.19 
41 315 199 109 139 115 73 30 17 92 38 28 41 66 89 27 62 31 82 62 55 35 31 55 84 68 70 1449 0.17 0.12 0.10 
42 225 942 133 110 113 48 55 29 40 45 46 70 64 20 41 25 92 22 39 67 63 51 21 46 18 42 1920 0.05 0.04 0.12 
43 698 390 101 104 112 99 62 33 90 96 68 22 83 83 51 60 75 63 88 81 50 96 53 48 65 85 1848 0.10 0.19 0.12 
44 694 819 108 134 124 96 90 23 47 48 42 20 77 93 60 36 29 74 23 54 24 70 59 23 34 43 2160 0.07 0.09 0.11 
45 996 562 103 131 106 70 77 82 16 24 75 26 51 70 44 76 88 18 50 23 26 30 71 90 16 65 1503 0.08 0.10 0.04 
46 820 155 132 135 121 76 25 66 81 38 40 58 43 27 55 18 14 24 20 37 87 46 59 76 13 76 2388 0.12 0.13 0.17 
47 170 873 115 147 127 51 55 51 31 44 43 41 75 57 61 44 61 75 53 11 39 74 21 67 77 86 1575 0.16 0.19 0.19 
48 586 124 126 137 114 70 87 15 91 30 99 83 73 39 87 68 51 61 21 23 11 53 33 67 29 71 1647 0.14 0.11 0.01 
49 537 748 148 146 136 14 33 41 56 53 39 38 63 67 64 30 17 76 92 88 55 38 73 21 18 43 1530 0.11 0.07 0.08 
50 71 218 124 109 132 95 60 79 50 64 69 78 83 96 19 64 12 85 56 72 62 38 96 34 45 38 1773 0.14 0.03 0.04 
51 943 770 120 119 139 31 13 37 33 67 57 100 91 57 68 54 58 52 61 76 22 48 33 98 45 61 1647 0.19 0.09 0.11 
52 5 343 133 144 141 16 66 89 38 32 97 89 87 45 11 92 54 14 53 41 26 12 64 23 98 76 2040 0.12 0.04 0.04 
53 55 909 120 131 134 61 74 84 50 95 80 38 28 72 52 19 78 17 23 48 39 94 63 51 91 38 1728 0.04 0.17 0.15 
54 695 945 134 119 142 29 59 55 68 15 86 96 13 29 45 74 96 52 86 51 76 44 65 79 35 92 2016 0.20 0.09 0.04 
55 565 969 122 140 130 89 74 61 57 79 46 14 11 84 69 36 42 20 21 22 49 63 76 27 49 67 2268 0.02 0.17 0.14 
56 896 793 101 147 112 43 99 30 89 77 28 54 80 37 69 15 68 78 77 89 25 12 64 93 12 82 1800 0.06 0.11 0.02 
57 662 989 114 116 134 50 15 75 38 44 92 43 71 70 12 37 37 41 14 81 80 77 96 73 40 39 1530 0.05 0.10 0.14 
58 101 690 128 106 121 50 50 15 39 83 96 72 29 93 79 17 29 71 72 51 14 84 46 76 24 74 1860 0.18 0.19 0.03 
59 852 484 142 142 113 80 83 55 19 65 12 42 82 86 72 89 66 42 60 82 63 95 79 90 70 14 1746 0.06 0.09 0.20 
60 906 254 116 136 101 41 76 49 49 92 12 42 84 27 57 72 83 51 83 84 98 50 63 49 20 28 1575 0.19 0.14 0.03 
61 374 843 102 122 115 92 54 15 93 97 17 34 90 13 91 61 47 93 95 76 54 93 90 93 64 18 2028 0.20 0.00 0.03 
62 475 697 132 141 132 22 60 88 14 18 94 90 83 92 42 95 90 86 52 61 95 73 13 87 89 20 1503 0.13 0.08 0.02 
63 232 230 125 109 105 72 47 96 76 54 51 65 34 18 88 80 97 73 31 34 26 63 88 64 51 97 1593 0.13 0.20 0.01 
64 330 620 119 106 143 20 59 48 47 13 89 63 74 70 47 53 66 19 36 94 51 19 81 66 59 39 1404 0.14 0.18 0.09 
65 831 313 144 148 101 75 31 81 73 33 69 36 94 95 80 46 23 88 71 44 73 76 24 39 87 15 1386 0.08 0.01 0.05 
66 322 513 130 139 142 74 53 44 46 37 64 71 57 28 49 55 40 89 77 84 50 87 59 40 73 63 1872 0.09 0.20 0.11 
67 177 992 105 112 113 56 77 60 91 13 23 24 32 41 35 76 32 75 52 58 53 28 17 82 52 31 2148 0.19 0.05 0.01 
68 637 588 142 147 104 55 24 44 98 78 56 73 77 13 89 14 86 63 56 21 98 45 79 42 48 99 1503 0.15 0.15 0.04 
69 472 545 134 139 123 71 53 92 30 83 100 92 38 56 34 42 41 87 49 59 46 53 37 39 53 87 1431 0.14 0.09 0.15 
70 450 845 103 140 145 51 55 87 32 37 48 75 76 30 96 17 22 44 55 92 52 35 80 81 77 67 1773 0.03 0.11 0.05 
71 947 315 146 140 119 51 56 15 34 44 52 98 27 79 64 85 90 97 39 51 43 96 30 23 72 48 1512 0.08 0.07 0.10 
72 753 748 116 136 109 34 55 12 57 88 53 17 70 85 71 54 37 67 45 69 77 93 51 51 64 50 1956 0.03 0.01 0.16 
73 106 182 115 120 145 76 40 12 84 80 55 90 76 37 95 81 63 23 77 44 53 52 84 55 67 33 1791 0.07 0.17 0.12 
74 26 185 102 142 118 20 97 44 55 76 50 45 77 71 18 58 33 82 34 25 39 33 60 83 51 83 1521 0.07 0.14 0.02 
75 801 111 103 149 104 42 35 62 48 100 63 82 40 14 30 87 36 64 20 40 100 53 90 45 93 34 2076 0.09 0.03 0.15 
76 686 485 121 135 113 75 47 35 22 98 88 56 27 59 92 13 47 17 74 47 36 20 36 70 64 59 2364 0.14 0.13 0.02 
77 944 737 143 138 121 77 73 41 50 33 28 95 96 16 86 98 52 93 33 39 58 79 64 27 43 74 1611 0.15 0.07 0.00 
78 553 789 115 128 102 73 49 20 74 71 37 31 32 36 51 81 39 43 66 71 23 77 86 92 19 21 1791 0.04 0.01 0.00 
79 239 611 139 113 128 73 14 90 98 75 78 28 62 15 79 94 95 73 59 43 34 31 80 25 91 90 2028 0.06 0.01 0.09 
80 61 703 110 128 134 28 36 23 26 100 53 95 14 100 31 59 94 93 18 88 41 68 67 17 20 57 2040 0.19 0.01 0.12 
81 311 101 140 107 126 23 59 78 90 58 30 85 85 84 30 96 39 22 13 99 95 96 28 63 16 74 1395 0.18 0.15 0.13 
82 891 73 139 144 132 97 30 29 86 40 11 32 47 67 20 42 96 31 96 82 90 81 99 14 48 34 2100 0.19 0.16 0.08 
83 97 587 105 119 124 40 54 24 77 45 24 61 61 27 44 54 74 26 50 59 39 40 19 43 39 42 2316 0.18 0.02 0.18 
84 205 732 133 117 101 78 73 32 16 17 97 66 19 83 36 63 18 13 12 62 92 58 70 86 86 64 1611 0.10 0.19 0.18 
85 249 146 128 136 137 84 68 86 51 36 82 17 91 51 15 15 58 69 16 30 59 33 52 97 19 67 1521 0.03 0.12 0.20 
86 3 60 143 137 110 24 67 72 64 54 54 32 96 72 89 100 82 58 67 39 25 80 80 21 50 46 2400 0.10 0.02 0.16 
87 253 701 130 105 145 75 72 72 91 78 25 22 20 46 89 71 79 46 37 74 52 66 16 24 67 13 1602 0.12 0.06 0.18 
88 153 20 146 126 101 61 97 43 51 74 20 24 29 59 24 90 89 21 78 46 81 41 51 95 60 16 2124 0.12 0.03 0.03 
89 394 706 139 115 141 75 61 96 77 34 15 91 85 11 34 36 90 96 14 42 84 57 44 40 16 49 1980 0.01 0.17 0.03 
90 359 292 111 111 126 29 15 62 96 90 66 86 50 86 34 76 37 30 41 23 24 48 18 16 15 19 2388 0.18 0.13 0.04 
91 415 508 116 149 137 21 16 24 68 96 41 15 42 52 81 69 79 62 99 74 75 16 44 80 73 52 1629 0.10 0.12 0.07 
92 917 724 123 136 148 53 11 74 20 58 14 24 46 27 86 66 95 47 65 73 91 83 16 32 55 57 1782 0.03 0.14 0.17 
93 533 576 103 141 112 29 71 28 38 28 84 13 81 30 18 46 76 54 62 78 52 74 83 73 28 39 2244 0.08 0.16 0.02 
94 512 260 136 132 116 31 44 54 58 24 89 23 69 94 15 15 69 20 28 88 70 47 70 94 26 61 2196 0.14 0.19 0.00 
95 749 24 139 145 106 69 59 14 27 72 55 91 23 84 73 79 14 44 97 31 66 23 53 59 39 65 2172 0.18 0.05 0.02 
96 821 1 109 132 134 19 58 30 87 81 74 77 87 22 73 65 25 16 61 89 78 14 41 89 42 95 1968 0.11 0.05 0.00 
97 35 508 121 148 145 15 91 62 91 71 87 67 73 40 43 90 55 48 12 88 80 11 28 30 95 74 1602 0.14 0.15 0.13 
98 413 234 108 146 110 32 18 52 75 78 39 93 63 33 80 52 77 80 54 29 85 36 47 66 82 72 1530 0.02 0.11 0.19 
99 887 712 137 109 148 55 92 79 81 69 17 74 69 96 48 73 34 79 26 98 62 46 96 27 28 29 1791 0.10 0.05 0.15 
100 127 360 145 106 115 13 39 31 83 97 37 18 58 13 65 30 88 95 97 54 20 44 11 88 23 82 2052 0.19 0.02 0.18 
