100 3 3 7 10762
426 773
12702 12556 12587 10900 13800 5200 12500 11400 5500 12900 6400 6600 11400 7600 10300 10100 10700 10200 12200 9300 9000 13800 11200 10800 0.01 0.01 0.01 
1 901 5 136 102 103 46 22 63 82 80 16 83 42 18 71 50 91 67 44 12 44 70 29 45 46 75 1395 0.02 0.09 0.10 
2 373 675 141 104 136 87 53 69 68 84 36 13 68 20 62 69 63 80 12 44 45 45 62 41 80 88 1674 0.14 0.17 0.04 
3 431 310 133 145 136 15 29 46 73 12 71 37 90 46 16 59 60 47 22 80 57 69 94 49 49 81 1494 0.19 0.05 0.12 
4 763 918 147 128 123 44 40 28 68 93 88 94 40 92 52 50 51 51 61 30 69 96 23 18 96 56 2064 0.18 0.01 0.15 
5 410 261 142 130 116 53 33 96 72 25 45 28 74 71 65 23 73 15 74 87 94 96 61 11 53 68 2208 0.15 0.01 0.06 
6 800 490 134 131 142 46 45 79 70 21 76 87 49 57 51 24 29 55 49 93 42 76 16 95 28 73 2208 0.00 0.17 0.10 
7 819 936 123 147 128 11 17 81 70 79 56 18 57 26 53 70 97 59 70 52 63 14 19 57 83 81 1494 0.15 0.16 0.11 
8 459 183 129 117 119 18 78 97 78 57 15 47 61 63 63 82 21 21 51 24 13 52 32 22 34 65 1368 0.13 0.01 0.09 
9 944 265 114 149 145 31 48 32 60 56 36 97 86 21 28 67 83 38 69 14 34 20 87 45 95 13 1674 0.17 0.08 0.16 
10 401 748 122 128 123 67 62 80 26 17 15 74 53 46 51 19 28 40 40 43 63 57 82 97 14 84 1791 0.20 0.17 0.20 
11 758 762 104 140 101 18 35 38 34 93 95 59 47 95 14 17 22 95 46 38 60 68 71 56 71 54 2184 0.03 0.05 0.02 
12 310 606 120 145 144 71 93 13 56 85 97 15 43 61 65 49 34 59 47 48 96 65 18 14 87 24 1602 0.15 0.13 0.06 
13 236 559 128 120 125 59 33 81 14 69 39 70 33 82 32 33 16 80 69 28 27 14 87 30 91 100 1440 0.00 0.15 0.11 
14 237 23 116 135 124 32 69 40 88 37 68 57 52 39 77 74 96 18 43 87 21 11 74 40 53 73 1458 0.19 0.01 0.04 
15 434 994 119 119 147 92 46 65 79 34 84 88 35 78 17 99 73 24 93 11 13 31 36 94 73 98 1395 0.18 0.13 0.09 
16 756 678 125 127 122 18 72 59 49 57 43 36 67 65 41 65 37 16 19 68 21 78 93 14 50 53 1494 0.09 0.17 0.15 
17 28 767 142 108 150 84 40 67 84 86 61 19 28 73 64 44 61 70 53 89 63 47 82 29 86 34 1824 0.01 0.17 0.01 
18 755 95 148 121 103 43 29 96 27 66 57 87 36 22 91 69 72 22 21 11 74 77 44 92 25 29 2256 0.10 0.08 0.17 
19 794 0 148 107 116 55 44 11 33 99 19 20 44 83 41 65 16 52 75 14 100 75 99 91 51 27 2136 0.19 0.07 0.05 
20 872 399 140 116 135 47 30 54 69 81 62 40 58 22 60 22 28 64 48 67 48 52 66 90 93 44 2304 0.11 0.05 0.16 
21 279 763 146 133 129 13 65 45 34 45 97 25 16 89 76 79 68 39 26 95 63 86 22 53 40 56 1476 0.20 0.13 0.18 
22 751 925 145 108 116 90 34 69 23 30 27 89 84 77 20 62 44 100 39 57 92 64 68 96 55 75 1782 0.03 0.06 0.01 
23 394 409 142 123 120 71 27 86 45 98 12 33 85 100 14 46 95 13 74 21 27 88 79 74 42 53 2064 0.14 0.07 0.15 
24 42 481 131 109 106 51 41 75 85 38 76 69 60 30 86 57 25 51 83 61 61 36 39 35 67 44 1692 0.04 0.06 0.15 
25 359 618 104 111 118 11 35 87 47 24 62 67 74 87 82 82 63 32 26 82 77 36 73 63 54 16 1968 0.03 0.16 0.14 
26 777 154 124 106 150 22 96 85 20 19 99 76 72 62 85 15 76 68 31 12 59 63 74 21 17 41 1824 0.16 0.17 0.07 
27 224 278 116 135 128 24 13 42 33 21 40 98 63 22 61 67 87 28 49 29 97 77 54 69 83 46 1656 0.13 0.15 0.06 
28 907 794 105 127 138 90 97 52 22 69 81 72 95 45 57 23 83 36 62 17 20 74 22 79 18 58 2328 0.15 0.06 0.20 
29 276 93 103 104 133 12 47 38 76 67 18 47 12 43 71 25 25 97 38 65 47 47 76 25 16 85 1629 0.08 0.08 0.07 
30 57 954 134 117 113 44 23 72 19 42 41 17 43 49 65 19 64 23 46 39 44 35 66 59 92 51 1467 0.16 0.00 0.15 
31 941 185 109 129 103 60 33 86 31 64 27 37 21 76 73 81 91 47 78 75 21 65 93 69 56 95 1530 0.03 0.12 0.07 
32 779 687 115 118 104 92 74 23 22 37 91 11 63 38 70 43 28 68 20 95 31 22 87 51 29 81 1539 0.02 0.20 0.13 
33 116 865 138 111 149 44 33 23 18 21 65 18 28 45 39 60 24 96 32 90 52 44 38 54 24 70 2088 0.10 0.10 0.01 
34 408 53 141 129 101 14 22 20 21 84 75 80 92 24 29 13 37 25 86 66 89 92 56 43 15 25 1449 0.09 0.16 0.09 
35 494 627 136 107 146 15 40 84 77 23 20 56 11 31 84 65 19 60 51 78 39 20 33 33 25 47 1683 0.17 0.18 0.11 
36 781 473 116 121 101 99 86 91 38 61 100 83 62 66 61 79 74 73 81 50 71 50 34 94 26 32 1548 0.06 0.10 0.18 
37 345 407 114 117 127 55 87 26 82 47 78 27 39 82 75 69 55 47 49 48 72 87 33 27 64 54 2232 0.02 0.08 0.19 
38 358 978 125 110 147 69 65 54 50 11 31 66 21 47 51 80 54 49 80 86 13 38 70 29 92 75 1701 0.12 0.15 0.01 
39 279 244 110 114 108 24 83 74 26 46 56 81 66 80 62 97 85 100 39 47 41 12 16 22 55 80 2316 0.09 0.07 0.19 
40 621 68 148 109 120 43 52 68 58 87 23 91 41 70 21 37 16 20 27 56 58 42 23 31 86 55 1920 0.13 0.11 0.06 
41 239 368 111 134 127 80 95 19 37 44 31 79 23 100 52 50 15 23 66 31 75 77 43 57 63 49 1548 0.00 0.09 0.16 
42 165 769 140 120 109 44 84 87 33 27 69 11 82 11 23 83 15 35 100 55 75 27 50 83 41 88 1848 0.11 0.16 0.01 
43 353 121 149 147 108 14 82 28 36 98 86 89 67 51 81 11 55 68 11 74 37 35 23 19 65 63 2400 0.08 0.19 0.14 
44 829 636 143 102 141 94 55 11 29 14 87 69 15 19 15 16 26 72 68 46 94 58 20 12 22 72 1932 0.13 0.18 0.06 
45 249 37 103 142 143 74 76 90 55 79 76 23 42 84 70 99 99 93 66 38 59 79 100 23 52 33 2208 0.02 0.05 0.07 
46 639 294 132 145 118 30 87 87 36 28 24 11 55 84 51 16 82 44 33 33 82 43 32 56 46 17 1908 0.13 0.18 0.16 
47 836 151 117 107 107 20 39 93 45 56 16 97 22 80 40 27 23 73 50 57 83 71 41 38 16 47 2364 0.02 0.10 0.14 
48 943 377 150 122 109 79 35 24 75 42 29 72 92 51 59 19 26 83 20 40 54 25 70 43 82 16 1530 0.18 0.13 0.06 
49 10 679 120 149 111 32 60 61 97 91 41 30 33 70 31 93 85 13 64 42 17 15 11 11 86 68 1602 0.18 0.14 0.07 
50 911 267 144 115 134 42 70 12 38 22 95 19 79 78 66 71 25 68 86 100 54 71 62 54 56 82 2220 0.04 0.15 0.11 
51 607 819 132 123 144 74 94 51 63 67 45 71 75 11 67 97 77 35 82 86 35 13 99 78 20 80 1485 0.07 0.02 0.12 
52 691 460 141 120 138 85 31 92 48 50 37 70 11 70 70 60 98 56 41 93 66 42 91 95 14 33 1692 0.05 0.09 0.08 
53 829 645 116 144 105 45 24 52 44 63 40 13 93 35 35 52 32 80 82 72 99 55 24 56 58 98 1773 0.09 0.14 0.09 
54 934 457 133 130 116 54 13 90 87 28 29 90 21 76 17 62 97 48 96 71 56 27 84 11 36 44 2076 0.02 0.03 0.16 
55 199 76 130 145 109 43 19 67 81 88 85 70 58 45 38 19 94 37 66 97 22 81 43 22 17 38 1449 0.11 0.12 0.04 
56 432 817 110 109 118 13 61 83 84 48 30 15 77 50 59 47 95 86 13 44 76 92 38 49 60 65 1530 0.05 0.07 0.13 
57 680 399 101 139 114 44 53 32 27 52 13 32 79 33 70 78 79 17 42 50 17 80 40 55 39 94 1710 0.17 0.19 0.06 
58 913 769 139 115 134 53 35 53 32 76 56 15 86 89 70 25 67 38 56 39 24 87 68 31 77 62 2244 0.12 0.11 0.03 
59 94 271 136 123 150 53 38 44 74 66 51 40 37 28 35 13 46 62 59 90 34 39 58 54 15 19 2196 0.13 0.14 0.18 
60 970 664 134 114 143 90 24 36 64 79 76 55 64 35 30 67 70 43 77 33 100 12 42 54 69 12 1719 0.08 0.02 0.07 
61 510 518 111 148 114 37 35 40 52 65 68 97 31 83 80 49 14 23 25 97 77 41 90 30 99 53 1440 0.04 0.16 0.18 
62 124 544 121 132 123 78 55 69 30 71 36 78 18 60 11 57 63 75 33 33 99 33 22 80 31 64 2064 0.04 0.01 0.05 
63 769 486 142 141 130 86 11 63 67 71 50 44 57 55 54 13 70 80 36 12 86 83 75 66 14 90 1503 0.13 0.05 0.01 
64 134 691 146 118 122 12 50 71 69 73 20 64 28 19 31 31 78 100 18 63 55 73 37 20 38 78 1968 0.14 0.10 0.03 
65 798 646 115 133 149 13 36 12 33 98 73 87 91 57 95 73 86 94 42 56 86 85 44 58 74 21 2376 0.17 0.17 0.03 
66 844 78 101 110 130 62 97 40 46 56 13 84 55 40 25 27 25 19 58 26 95 36 60 52 100 32 2148 0.07 0.20 0.19 
67 181 628 147 111 141 51 41 61 49 87 25 32 69 24 31 85 90 39 94 17 50 67 28 92 28 49 1992 0.06 0.13 0.11 
68 543 417 136 129 127 72 82 49 20 68 63 94 31 69 57 67 58 47 22 53 61 17 70 14 34 71 2292 0.07 0.02 0.00 
69 940 774 113 115 133 95 38 16 66 57 30 59 12 27 91 30 37 37 41 42 54 31 63 57 16 85 1512 0.03 0.03 0.00 
70 772 217 119 142 133 65 80 32 31 37 14 41 15 20 61 35 46 87 27 80 32 42 95 41 99 79 1674 0.03 0.14 0.19 
71 184 602 130 144 130 14 14 60 86 40 63 27 29 88 60 15 33 99 32 78 15 37 34 45 87 65 1728 0.13 0.10 0.18 
72 492 298 130 123 146 86 39 24 71 30 38 49 56 36 79 61 58 77 44 17 100 41 40 45 27 94 1440 0.18 0.14 0.01 
73 684 725 111 144 134 93 93 84 64 22 21 64 28 90 20 78 99 48 73 54 73 44 84 69 61 77 1620 0.13 0.13 0.11 
74 514 435 109 126 138 13 17 89 28 29 99 44 27 33 30 56 83 68 81 21 53 30 94 73 42 33 1647 0.19 0.06 0.03 
75 596 721 140 108 104 62 51 25 41 69 75 74 91 58 99 99 41 66 79 39 83 59 32 55 90 16 1575 0.01 0.19 0.14 
76 590 794 147 131 112 88 28 58 29 48 33 54 75 12 78 73 94 95 51 33 33 30 17 39 71 22 2244 0.17 0.10 0.19 
77 130 772 126 132 142 80 40 82 60 78 66 14 41 67 33 13 60 28 54 12 38 63 18 29 86 82 1368 0.06 0.09 0.11 
78 879 106 105 134 110 19 20 16 68 49 72 33 12 51 27 14 62 96 19 98 99 58 67 79 43 48 1413 0.20 0.04 0.01 
79 69 103 114 112 140 31 19 92 51 20 25 35 26 76 82 82 89 78 52 37 50 42 93 80 74 93 1458 0.18 0.17 0.08 
80 92 807 122 137 134 72 30 18 74 39 32 98 48 35 76 81 24 15 32 41 34 38 85 13 64 39 1395 0.11 0.15 0.07 
81 769 637 125 139 102 93 73 65 66 63 87 63 86 88 32 66 63 36 49 28 72 87 64 37 50 93 1584 0.13 0.11 0.02 
82 889 977 143 133 144 34 54 72 89 17 20 14 95 53 84 22 15 19 61 88 84 11 51 72 12 95 1920 0.01 0.15 0.20 
83 504 257 112 137 143 33 44 72 21 50 81 76 38 28 47 11 32 17 23 94 59 47 44 30 11 91 2280 0.00 0.01 0.19 
84 477 706 142 103 109 78 68 69 89 69 11 64 90 44 68 53 65 74 65 67 23 100 62 95 100 52 1539 0.08 0.07 0.08 
85 868 449 108 140 117 32 57 57 72 77 20 88 61 31 65 13 47 38 68 56 42 61 69 88 22 21 1728 0.19 0.13 0.08 
86 848 377 132 135 138 47 57 28 70 33 37 57 88 39 46 90 76 35 19 42 13 35 100 90 46 20 1683 0.06 0.08 0.07 
87 984 607 110 141 106 55 65 98 25 49 34 33 73 62 27 25 37 51 85 82 87 87 44 39 32 15 1800 0.03 0.00 0.07 
88 917 665 130 148 147 48 70 95 24 70 80 47 53 60 16 29 86 57 13 90 90 34 85 80 17 90 2136 0.07 0.08 0.08 
89 405 776 107 133 105 29 89 62 42 58 42 40 46 89 15 64 74 23 28 12 17 58 87 48 26 76 1377 0.16 0.19 0.09 
90 334 703 150 139 141 100 74 69 41 84 62 33 97 21 34 22 85 46 39 100 98 67 48 45 82 75 1503 0.03 0.03 0.04 
91 723 938 145 139 109 69 41 12 62 24 25 84 21 94 81 84 40 78 75 39 72 67 76 68 100 12 1404 0.00 0.13 0.11 
92 781 366 114 124 117 81 84 60 42 59 75 77 47 32 34 83 24 11 57 40 80 80 67 99 79 31 1773 0.19 0.18 0.05 
93 49 4 139 121 111 12 57 89 95 16 25 33 23 55 44 57 68 96 13 87 44 22 16 43 90 36 1896 0.06 0.00 0.14 
94 453 738 123 105 135 83 48 15 77 53 81 100 56 16 58 12 73 54 67 92 100 26 97 94 15 84 1755 0.02 0.02 0.06 
95 142 681 118 104 134 44 11 84 72 16 26 71 71 38 26 35 100 31 91 22 52 29 19 98 86 54 1458 0.04 0.04 0.20 
96 463 311 118 129 135 81 53 87 52 20 13 75 35 12 55 59 64 37 11 48 15 100 18 12 47 62 2256 0.16 0.14 0.03 
97 336 910 137 141 149 65 88 59 68 98 23 94 47 58 43 96 21 69 58 16 62 90 76 63 88 37 1980 0.05 0.11 0.18 
98 249 159 112 106 142 74 45 61 93 94 73 87 71 44 24 28 16 82 76 49 37 48 24 52 87 12 1368 0.13 0.09 0.15 
99 988 106 140 145 124 19 86 62 12 79 86 88 57 83 35 74 88 68 11 17 90 44 30 93 31 84 2328 0.04 0.03 0.14 
100 342 812 118 122 114 64 46 28 65 77 14 14 22 86 23 85 35 80 48 86 37 27 68 29 47 51 1944 0.12 0.13 0.11 
