30 5 5 7 3378
292 397
3798 3733 3791 3897 3688 2700 3990 2250 2550 3720 1920 2430 3720 3840 2790 4110 2520 2880 2520 2550 3450 3270 3870 2280 3600 3960 3450 1950 3570 3360 3420 3750 2910 2850 3780 2430 4020 2400 3150 3930 0.01 0.01 0.01 0.01 0.01 
1 441 892 127 120 125 138 111 96 51 78 77 86 98 21 87 55 64 81 58 60 33 24 78 96 87 49 25 50 16 94 50 75 43 74 98 76 37 67 24 35 77 52 3420 0.18 0.19 0.04 0.14 0.15 
2 302 61 146 148 107 150 120 97 41 53 73 80 90 78 39 52 68 64 12 58 92 24 67 24 90 18 87 72 39 11 15 66 12 97 18 89 61 32 68 12 62 93 2475 0.01 0.15 0.05 0.08 0.14 
3 494 225 137 115 113 123 101 31 34 72 17 57 98 98 13 63 20 61 33 69 49 53 16 46 14 61 75 68 29 86 94 27 41 76 28 99 89 82 55 87 79 63 2565 0.08 0.17 0.07 0.13 0.19 
4 137 715 113 125 105 147 126 94 48 28 68 68 52 49 45 65 45 72 44 19 32 90 76 33 68 91 73 61 73 75 17 73 34 14 78 13 58 47 70 99 85 74 3620 0.09 0.19 0.01 0.09 0.01 
5 369 100 144 127 121 144 143 12 88 16 74 48 82 98 89 70 97 54 100 24 56 22 26 17 96 51 12 58 31 53 89 19 33 56 34 43 92 98 42 73 57 16 3940 0.02 0.17 0.18 0.09 0.11 
6 190 203 127 110 125 129 127 40 45 91 94 54 63 24 51 84 81 59 69 14 53 63 85 85 20 52 59 88 77 65 44 50 88 83 52 80 94 34 33 57 47 81 2430 0.17 0.01 0.08 0.18 0.14 
7 714 821 143 128 141 133 111 46 12 85 95 89 89 33 84 34 92 67 75 33 46 56 68 24 55 11 73 36 79 76 77 38 38 70 71 71 17 29 60 58 51 64 3080 0.18 0.05 0.09 0.04 0.20 
8 85 897 144 104 136 143 109 43 91 62 67 27 74 46 13 35 81 72 96 16 42 34 53 21 75 69 14 100 62 100 15 56 29 51 69 94 82 80 72 17 77 25 3020 0.02 0.19 0.03 0.18 0.08 
9 334 43 143 121 115 147 128 46 22 46 11 22 21 63 77 70 91 80 38 65 73 96 44 77 34 58 48 87 79 96 67 14 69 15 82 26 79 67 89 52 29 61 2520 0.18 0.17 0.00 0.05 0.10 
10 338 60 112 112 104 139 138 38 49 74 75 35 40 15 59 19 51 63 52 17 40 73 29 33 54 41 13 93 99 32 63 82 30 39 45 39 70 83 25 100 50 97 2850 0.09 0.02 0.19 0.17 0.06 
11 47 437 150 126 118 116 103 27 44 22 29 37 17 79 31 60 39 21 57 48 50 82 64 77 83 60 34 92 57 14 24 20 98 15 90 100 63 56 36 31 34 97 3320 0.16 0.20 0.13 0.04 0.13 
12 441 337 140 113 101 120 150 46 51 90 31 94 99 40 75 49 19 41 38 84 40 39 28 35 24 24 38 21 13 64 35 27 33 55 56 57 45 12 50 96 41 99 2985 0.20 0.11 0.02 0.07 0.03 
13 385 780 112 118 127 118 114 97 56 84 86 28 84 88 71 66 66 25 22 85 71 48 72 65 79 71 86 19 47 39 81 38 11 22 97 67 80 83 85 64 33 28 2520 0.04 0.10 0.08 0.15 0.06 
14 141 337 115 122 107 138 107 85 96 63 71 67 92 17 72 44 96 83 93 55 50 89 86 35 21 65 20 61 19 21 65 40 41 82 33 40 85 48 96 76 16 52 2880 0.17 0.10 0.04 0.17 0.15 
15 351 610 135 120 123 104 113 52 52 32 23 12 30 32 84 23 67 27 45 44 18 43 13 57 11 55 56 12 37 95 58 57 21 89 76 40 59 37 94 78 20 68 3040 0.03 0.01 0.07 0.03 0.20 
16 612 503 121 150 136 140 124 56 62 17 11 25 22 37 69 45 44 19 72 57 48 83 93 59 54 60 71 76 62 94 27 60 93 78 22 92 81 11 68 54 89 39 3120 0.10 0.10 0.19 0.08 0.01 
17 719 873 128 135 119 140 127 87 16 85 58 43 82 71 98 82 42 38 93 42 81 94 48 40 44 76 13 29 46 76 79 27 14 41 52 98 36 99 93 70 69 42 3840 0.01 0.02 0.15 0.03 0.16 
18 768 248 109 137 148 136 147 73 93 11 75 22 100 21 78 89 14 70 40 55 29 54 73 86 74 15 15 76 60 32 44 86 64 93 21 85 21 63 58 20 35 96 2775 0.08 0.19 0.03 0.17 0.12 
19 793 850 144 115 109 147 143 30 84 65 86 21 42 45 75 82 20 29 92 97 66 59 23 74 45 19 23 19 82 74 74 18 18 84 69 30 33 22 92 27 18 86 2580 0.02 0.20 0.10 0.03 0.02 
20 770 939 104 102 136 110 114 33 60 71 97 69 40 78 65 48 11 11 68 89 82 62 73 68 32 20 73 73 96 67 71 84 26 34 46 83 17 96 13 98 73 97 2280 0.18 0.06 0.03 0.03 0.10 
21 963 903 121 128 147 138 118 100 82 91 72 54 57 29 27 64 88 12 100 87 46 82 49 65 16 97 78 78 54 16 16 100 48 67 81 100 72 71 16 80 52 26 2625 0.19 0.04 0.10 0.04 0.05 
22 95 28 136 145 148 127 129 87 89 52 27 28 59 32 64 31 33 82 64 32 82 93 87 66 96 64 23 100 33 66 30 78 50 13 34 53 75 15 71 85 36 56 3160 0.18 0.09 0.04 0.08 0.06 
23 546 606 109 127 143 126 146 22 11 64 86 62 43 18 62 48 29 64 33 17 17 21 39 82 98 84 82 15 63 76 74 26 84 79 26 41 42 81 93 74 51 71 2550 0.16 0.05 0.01 0.15 0.02 
24 355 127 126 114 144 103 103 63 64 82 44 31 95 59 30 36 79 61 51 36 91 69 83 18 19 54 95 58 97 81 51 68 100 69 66 85 48 58 15 94 16 62 3620 0.17 0.11 0.07 0.01 0.16 
25 878 482 135 150 150 133 135 46 56 13 92 65 97 89 99 56 96 67 73 58 51 16 17 13 73 68 78 14 12 99 77 27 37 24 77 69 79 64 85 37 14 29 3420 0.13 0.10 0.05 0.13 0.02 
26 21 875 124 121 128 133 141 58 11 82 87 66 41 50 17 67 91 30 43 25 50 40 34 100 44 14 34 16 39 89 13 47 44 93 61 55 42 91 21 73 40 36 3120 0.17 0.11 0.15 0.04 0.09 
27 926 42 103 145 144 135 140 62 27 89 47 32 68 38 32 74 68 24 34 72 69 62 79 89 53 66 30 11 42 90 87 93 14 70 78 48 29 64 32 48 91 94 2640 0.04 0.16 0.16 0.10 0.12 
28 265 998 101 126 139 112 104 54 49 99 73 11 94 14 42 58 56 12 88 21 49 36 32 15 78 25 36 93 71 93 34 35 57 30 68 31 28 86 31 73 51 73 2985 0.03 0.11 0.10 0.00 0.10 
29 640 879 129 109 114 122 108 19 93 66 45 47 54 67 78 53 85 59 72 99 41 84 62 23 35 86 27 85 83 70 56 50 74 33 39 77 94 78 23 99 96 51 3580 0.14 0.12 0.12 0.15 0.07 
30 381 332 120 120 118 106 108 73 55 26 89 91 81 34 37 35 85 59 25 67 36 96 48 69 92 51 96 40 44 11 75 23 61 95 52 12 29 36 92 100 59 14 3120 0.04 0.09 0.20 0.18 0.12 
