50 3 1 5 16892
243 755
6173 6420 6193 5450 5800 3550 4550 4550 3250 3450 6450 6500 3050 6150 3300 3150 3650 3200 0.01 0.01 0.01 
1 317 367 115 117 133 15 39 78 84 70 26 12 74 48 65 58 97 90 68 34 1476 0.19 0.20 0.02 
2 718 80 108 132 125 70 86 35 36 33 92 24 27 38 83 53 84 57 52 100 2268 0.06 0.08 0.08 
3 991 362 134 108 107 13 15 74 92 12 23 50 18 100 72 91 47 36 28 29 2184 0.10 0.06 0.08 
4 153 510 113 111 120 21 78 50 91 36 56 92 58 99 55 21 94 11 20 28 2160 0.09 0.13 0.20 
5 464 648 148 142 132 98 19 36 61 40 71 69 98 61 56 68 47 39 66 92 1764 0.12 0.11 0.13 
6 147 585 140 125 145 80 89 40 24 42 21 12 65 71 94 93 62 72 16 18 1836 0.06 0.11 0.02 
7 322 905 103 123 124 96 61 65 21 15 90 56 92 13 87 24 51 100 46 44 1521 0.15 0.02 0.10 
8 368 935 132 138 145 70 57 44 28 35 75 47 26 86 14 75 59 31 78 97 1377 0.19 0.01 0.13 
9 311 757 145 121 145 89 47 59 14 99 73 56 60 53 42 27 78 36 12 43 1611 0.12 0.14 0.02 
10 960 359 111 145 107 48 27 45 80 68 30 66 71 33 65 58 72 85 62 13 2256 0.12 0.11 0.19 
11 803 785 126 112 109 27 60 37 66 23 14 91 80 45 58 64 24 63 48 40 1395 0.11 0.19 0.14 
12 307 435 128 121 136 58 38 79 84 50 11 99 36 28 21 83 12 12 27 21 2304 0.07 0.19 0.04 
13 592 217 121 118 135 25 55 44 41 48 51 37 59 34 76 86 37 45 66 47 2376 0.04 0.03 0.11 
14 698 844 137 142 101 96 82 89 21 52 87 58 72 80 57 30 83 62 53 20 1812 0.03 0.12 0.20 
15 671 434 139 125 139 44 76 71 54 51 12 84 69 22 87 60 44 68 39 90 2280 0.08 0.03 0.07 
16 289 447 126 137 102 79 96 22 23 66 57 94 37 62 96 25 79 75 88 28 1782 0.01 0.10 0.14 
17 187 14 118 124 108 36 83 62 31 75 100 32 39 74 50 82 43 82 96 38 2280 0.05 0.02 0.03 
18 527 19 121 123 147 98 38 34 100 89 87 72 84 18 98 69 29 91 94 68 1872 0.16 0.14 0.18 
19 897 656 103 149 127 19 82 77 93 29 90 56 97 89 45 38 16 65 97 65 1773 0.09 0.13 0.02 
20 310 999 109 102 128 26 85 17 67 14 75 85 77 67 65 57 21 98 97 17 2112 0.18 0.20 0.09 
21 510 753 108 107 104 72 80 32 36 99 14 83 37 70 49 96 33 13 62 88 2160 0.10 0.06 0.08 
22 77 578 109 118 120 39 34 48 28 96 89 37 80 77 35 80 70 74 11 18 2352 0.06 0.17 0.13 
23 241 514 112 130 106 38 82 97 55 74 83 60 61 100 55 51 82 89 27 68 1692 0.12 0.16 0.03 
24 707 352 141 111 110 88 76 61 66 95 56 38 87 100 12 45 61 61 96 67 1896 0.07 0.00 0.13 
25 841 763 136 139 150 56 59 42 52 32 39 97 59 56 53 63 81 88 25 82 1908 0.15 0.09 0.18 
26 368 958 134 143 131 22 42 79 79 91 86 49 95 37 33 27 29 51 73 34 2364 0.19 0.02 0.11 
27 761 584 130 143 142 92 39 27 13 22 24 15 60 54 95 40 96 70 66 28 2340 0.14 0.03 0.13 
28 886 954 146 143 147 86 42 56 32 70 23 60 82 78 33 91 37 23 45 84 1746 0.12 0.07 0.13 
29 616 37 128 110 116 17 70 93 38 74 75 67 55 97 88 71 100 92 48 32 1449 0.05 0.07 0.12 
30 141 20 105 128 102 34 74 50 43 43 49 12 29 38 37 13 93 72 61 81 2292 0.18 0.12 0.11 
31 683 985 104 109 137 73 72 97 28 90 51 63 43 45 95 84 59 50 21 85 1980 0.08 0.00 0.15 
32 700 35 120 139 104 51 20 38 65 11 90 34 96 17 23 20 76 83 54 32 2028 0.16 0.04 0.12 
33 655 961 118 134 109 94 61 61 65 46 67 55 95 31 18 20 41 89 79 54 1782 0.08 0.08 0.05 
34 943 439 120 117 116 82 80 43 98 13 91 25 80 55 61 21 67 41 93 74 1377 0.05 0.17 0.06 
35 966 875 145 149 117 90 89 22 91 26 34 96 49 31 60 21 74 100 27 86 1791 0.15 0.11 0.03 
36 282 947 107 137 115 82 12 78 53 28 42 16 70 85 31 18 78 25 39 89 1629 0.18 0.03 0.18 
37 79 732 146 121 147 52 33 11 30 99 63 63 23 16 80 99 47 41 83 29 1557 0.14 0.03 0.06 
38 542 469 132 148 133 99 76 22 99 18 12 92 42 31 53 46 15 52 13 46 1836 0.11 0.03 0.01 
39 768 454 106 121 123 20 17 82 57 86 17 61 50 67 30 69 22 74 51 64 2256 0.15 0.20 0.06 
40 507 339 121 149 110 46 85 62 97 57 69 63 44 25 11 83 61 20 50 43 2040 0.04 0.10 0.12 
41 814 517 147 120 114 88 34 21 14 52 49 36 88 97 44 27 97 83 93 97 1764 0.17 0.07 0.15 
42 345 250 110 149 118 56 82 69 76 99 63 33 13 66 36 66 62 27 25 57 1557 0.16 0.05 0.19 
43 413 804 116 146 148 72 30 89 74 86 82 67 54 57 66 72 50 48 89 75 2004 0.01 0.02 0.07 
44 1 972 112 125 106 49 34 60 12 91 73 20 60 98 96 79 62 51 36 79 2124 0.18 0.19 0.08 
45 83 250 110 133 117 80 28 35 24 51 25 36 21 26 26 50 87 42 47 82 2136 0.00 0.13 0.11 
46 108 985 130 145 148 92 48 97 46 59 25 76 74 91 26 15 51 46 82 28 1629 0.02 0.17 0.11 
47 491 281 112 148 128 43 27 60 69 80 22 27 69 57 76 71 13 43 23 29 1431 0.06 0.14 0.10 
48 233 10 130 103 120 67 92 23 14 41 99 57 82 29 89 40 15 21 86 42 1422 0.05 0.20 0.19 
49 254 303 144 118 111 97 58 21 59 91 25 44 78 81 36 41 45 29 59 33 1602 0.12 0.11 0.00 
50 950 134 117 122 129 27 49 76 93 42 51 51 99 62 41 76 75 42 18 62 2136 0.11 0.13 0.15 
