50 5 5 3 5496
697 899
6457 6344 6355 6286 6336 6150 6050 2550 5100 4800 4750 5100 4850 3550 6900 4650 2550 3600 3450 6800 0.01 0.01 0.01 0.01 0.01 
1 190 7 133 148 132 132 128 72 49 61 25 57 21 35 95 31 78 98 21 64 61 50 3980 0.19 0.15 0.10 0.09 0.09 
2 862 282 115 145 150 107 137 27 27 71 77 33 41 96 18 72 90 35 30 97 71 12 3440 0.19 0.19 0.09 0.14 0.09 
3 548 756 128 128 112 139 118 42 13 59 73 23 86 15 32 53 93 94 11 75 49 75 3400 0.19 0.02 0.17 0.18 0.11 
4 537 459 108 113 123 119 140 54 21 68 31 25 80 62 89 99 93 20 38 72 16 23 3460 0.06 0.03 0.16 0.09 0.01 
5 81 512 105 119 114 136 109 83 16 65 73 72 75 14 69 100 67 45 47 34 85 99 3980 0.04 0.03 0.01 0.08 0.19 
6 197 941 106 141 147 134 132 40 63 87 28 42 70 16 19 54 70 98 93 96 31 37 3780 0.11 0.03 0.11 0.14 0.04 
7 686 751 134 139 128 148 137 20 92 24 78 59 13 80 54 77 59 13 58 95 61 13 3400 0.12 0.11 0.08 0.15 0.02 
8 798 424 118 144 114 106 150 17 79 23 54 46 76 49 46 43 22 31 12 40 20 33 2460 0.02 0.07 0.19 0.13 0.16 
9 80 289 131 122 123 142 109 11 42 31 16 81 84 56 47 52 42 95 27 58 92 91 3080 0.19 0.15 0.13 0.07 0.13 
10 474 471 140 138 147 118 147 59 17 82 38 23 58 58 99 25 12 67 88 83 11 67 3860 0.12 0.12 0.14 0.06 0.05 
11 210 646 135 127 150 146 124 99 34 92 15 43 94 90 63 37 77 45 51 32 60 40 3340 0.01 0.12 0.12 0.13 0.05 
12 205 529 132 150 149 147 123 59 24 37 67 93 86 87 65 89 53 39 78 41 35 70 2940 0.08 0.07 0.02 0.00 0.19 
13 497 936 149 145 132 127 114 43 24 48 12 29 37 66 36 81 77 81 34 58 20 59 2685 0.15 0.12 0.01 0.02 0.15 
14 536 158 141 104 143 129 128 46 17 49 54 19 23 46 17 52 49 33 99 57 65 39 3080 0.00 0.06 0.08 0.13 0.07 
15 752 66 113 124 124 119 147 76 43 74 44 46 88 58 74 49 77 72 12 32 83 17 2715 0.08 0.04 0.03 0.13 0.12 
16 136 533 138 144 149 118 102 15 13 23 38 57 81 44 84 31 85 47 45 100 96 39 2580 0.03 0.01 0.20 0.07 0.04 
17 753 804 131 123 135 110 129 97 63 18 37 17 89 49 62 79 82 47 69 44 38 80 2520 0.11 0.00 0.03 0.13 0.00 
18 429 536 127 125 125 112 108 62 19 73 78 34 13 74 86 85 26 69 68 89 48 57 2655 0.12 0.13 0.06 0.13 0.17 
19 364 561 128 116 126 129 109 100 46 11 71 77 48 41 84 29 68 15 93 72 55 77 2715 0.09 0.13 0.13 0.02 0.19 
20 562 793 124 149 143 145 136 97 91 34 53 93 26 40 71 60 51 37 43 30 31 79 2535 0.14 0.10 0.11 0.07 0.02 
21 368 603 135 114 144 117 112 32 36 72 59 66 27 81 98 43 19 18 16 50 23 78 2865 0.17 0.10 0.12 0.06 0.00 
22 479 101 116 103 115 131 148 28 15 46 76 72 26 88 29 74 62 39 55 44 52 70 2685 0.09 0.07 0.00 0.19 0.18 
23 853 463 112 142 113 145 113 26 94 32 91 37 58 52 50 11 75 48 84 92 14 99 3300 0.17 0.19 0.10 0.04 0.19 
24 591 636 137 106 139 137 122 92 57 99 78 81 37 90 50 70 50 92 66 37 30 79 2700 0.06 0.03 0.18 0.04 0.13 
25 175 581 104 138 131 143 142 18 65 18 26 54 94 42 21 47 80 37 31 92 69 21 3540 0.14 0.19 0.20 0.17 0.18 
26 373 923 143 126 148 120 110 77 63 99 70 63 18 18 65 17 63 88 60 70 82 81 3260 0.19 0.10 0.00 0.19 0.10 
27 265 436 136 120 111 108 139 32 78 82 76 37 16 44 43 59 49 77 23 36 12 19 2475 0.03 0.14 0.07 0.13 0.14 
28 729 956 147 109 145 122 150 70 51 38 33 74 74 41 26 54 74 14 35 27 23 89 3260 0.11 0.08 0.14 0.04 0.16 
29 141 856 105 121 139 128 135 64 96 68 86 66 89 92 99 13 52 37 42 61 96 34 2610 0.06 0.04 0.08 0.14 0.18 
30 999 884 150 145 102 147 145 14 40 70 60 74 47 62 57 16 59 74 64 68 71 59 3120 0.18 0.06 0.12 0.02 0.13 
31 331 988 131 103 143 117 103 81 46 70 68 69 70 67 46 17 14 28 33 81 69 96 3960 0.03 0.04 0.18 0.08 0.16 
32 691 56 140 110 108 145 132 44 78 50 99 22 99 43 91 86 97 99 81 31 20 57 3340 0.13 0.04 0.14 0.17 0.02 
33 133 246 150 101 122 103 132 33 71 30 20 61 60 21 79 63 65 92 60 73 36 45 3060 0.04 0.09 0.04 0.07 0.03 
34 509 508 150 114 118 126 141 40 50 19 32 70 71 30 91 55 15 56 62 15 76 30 2595 0.17 0.19 0.07 0.06 0.03 
35 817 242 135 119 131 132 108 55 39 48 47 99 78 69 21 88 27 47 25 61 73 39 2580 0.11 0.10 0.11 0.10 0.17 
36 869 258 116 136 123 118 104 58 98 67 46 23 85 52 53 65 92 75 79 52 13 50 3060 0.13 0.05 0.01 0.04 0.16 
37 32 444 127 125 112 132 115 20 44 37 63 74 14 58 62 27 26 41 53 71 43 93 3880 0.01 0.12 0.03 0.05 0.13 
38 270 297 125 143 129 111 111 41 62 44 88 13 37 68 63 33 41 84 96 89 48 94 3800 0.18 0.04 0.04 0.10 0.07 
39 105 624 135 133 113 112 138 52 36 88 31 62 14 50 27 53 49 33 43 29 66 20 3380 0.18 0.03 0.14 0.02 0.07 
40 937 693 106 144 133 117 145 49 13 79 90 43 56 47 41 53 45 55 11 50 84 47 3920 0.11 0.07 0.11 0.14 0.01 
41 704 403 145 135 106 121 131 23 15 52 83 39 67 84 70 61 74 23 20 75 39 30 3540 0.00 0.13 0.08 0.07 0.04 
42 650 193 146 119 150 110 102 92 68 96 71 73 40 39 55 45 15 20 33 82 13 16 3840 0.10 0.15 0.17 0.03 0.03 
43 857 708 140 143 119 145 119 33 94 18 51 65 61 95 59 13 93 62 15 85 84 98 2280 0.04 0.02 0.13 0.18 0.20 
44 274 870 147 105 101 128 119 34 83 81 90 70 29 30 42 49 44 49 85 53 11 42 3800 0.06 0.04 0.09 0.08 0.17 
45 669 50 139 124 104 113 113 27 13 94 83 72 51 91 95 86 95 26 79 62 36 85 2835 0.17 0.12 0.11 0.01 0.00 
46 63 545 142 119 123 122 140 30 82 29 38 79 66 29 70 51 55 34 17 13 49 45 2640 0.12 0.10 0.15 0.04 0.02 
47 698 401 104 134 126 146 136 33 26 26 96 99 41 65 92 93 42 67 92 36 75 30 2385 0.18 0.06 0.10 0.08 0.02 
48 627 444 120 150 111 103 148 13 95 64 72 29 75 60 100 86 54 33 82 24 99 98 2850 0.02 0.01 0.07 0.08 0.10 
49 593 274 136 112 105 116 147 80 71 69 34 100 97 74 28 63 14 13 79 47 51 12 2550 0.04 0.05 0.04 0.05 0.12 
50 3 299 102 107 125 108 109 32 80 24 48 49 77 97 81 72 43 97 80 37 67 44 3760 0.06 0.20 0.05 0.11 0.03 
