30 5 5 5 3354
980 808
3695 3842 3805 3745 3901 2580 3270 1980 2490 2940 1530 2940 3780 1890 2550 1680 3300 1680 2400 3120 2730 3870 1560 3390 2880 1980 1560 3900 4020 1920 0.01 0.01 0.01 0.01 0.01 
1 434 558 135 135 118 123 133 13 15 92 92 66 66 23 91 13 73 65 59 94 69 46 77 32 62 87 51 24 62 58 33 55 2940 0.05 0.09 0.03 0.16 0.05 
2 107 213 101 149 122 142 103 94 67 53 80 31 35 51 98 53 28 66 66 31 88 80 46 12 36 30 89 19 15 29 25 18 2775 0.07 0.14 0.12 0.01 0.04 
3 477 595 138 140 105 148 130 96 32 13 76 87 97 75 47 40 72 66 53 88 99 23 28 37 24 62 83 63 29 31 45 27 3200 0.16 0.05 0.16 0.04 0.11 
4 110 799 112 133 146 128 138 88 37 67 50 54 89 53 84 43 70 18 83 55 45 97 27 94 14 27 23 100 45 79 69 34 2775 0.10 0.18 0.09 0.11 0.05 
5 142 398 105 125 101 109 132 90 95 81 24 13 68 47 22 93 26 59 94 27 36 93 66 23 46 93 39 56 74 82 25 79 3520 0.01 0.18 0.11 0.09 0.18 
6 113 905 117 134 107 127 122 94 17 54 98 65 24 52 91 37 17 72 61 42 42 69 24 83 46 57 19 85 76 60 25 58 2940 0.03 0.16 0.01 0.10 0.07 
7 739 128 125 138 133 115 150 48 50 55 13 73 97 15 73 63 80 60 88 78 77 73 88 49 63 61 54 40 65 65 74 22 2730 0.16 0.16 0.11 0.06 0.06 
8 951 184 136 118 140 143 117 95 72 48 64 84 41 60 60 45 47 97 97 14 24 36 78 62 93 17 73 47 90 78 49 21 3000 0.13 0.17 0.18 0.15 0.13 
9 959 53 109 127 140 101 134 53 57 51 13 15 68 28 34 87 57 79 25 19 81 61 59 62 33 97 31 69 89 71 62 83 2520 0.11 0.14 0.15 0.17 0.16 
10 239 712 145 109 109 122 134 52 56 31 88 34 59 67 58 70 77 92 35 91 43 94 65 17 23 98 35 88 92 64 44 20 2985 0.15 0.18 0.20 0.11 0.13 
11 538 263 113 125 122 125 116 95 80 59 13 33 55 65 76 33 29 98 79 69 21 28 74 61 31 59 29 38 70 57 54 17 2790 0.09 0.02 0.09 0.09 0.16 
12 802 252 123 142 113 131 125 56 93 65 90 52 58 62 60 31 88 14 46 52 98 73 54 78 79 72 13 68 48 95 49 28 2745 0.02 0.11 0.01 0.08 0.04 
13 758 43 117 129 123 126 145 92 15 62 25 18 66 16 32 39 59 69 30 64 100 50 56 88 42 73 72 82 72 41 42 14 2640 0.11 0.13 0.11 0.13 0.17 
14 582 633 144 123 128 120 150 47 79 53 45 47 98 98 35 23 16 54 78 46 20 21 12 52 73 27 20 98 76 90 34 91 2970 0.05 0.10 0.10 0.01 0.05 
15 858 733 108 132 120 119 107 42 95 71 16 49 13 20 20 20 21 45 89 33 64 86 15 20 51 45 89 52 72 24 58 78 2760 0.11 0.18 0.10 0.10 0.17 
16 203 659 103 130 121 119 124 93 50 35 16 84 38 99 99 88 14 90 48 20 80 51 94 61 58 52 74 56 19 56 99 54 2880 0.07 0.11 0.03 0.20 0.07 
17 538 42 112 124 108 103 124 33 43 73 54 84 63 63 22 43 18 52 21 59 32 67 78 27 73 63 90 88 88 89 59 22 3360 0.15 0.17 0.11 0.01 0.02 
18 608 865 143 109 118 122 110 34 43 43 20 46 68 68 71 87 45 60 97 39 82 47 32 95 89 65 74 92 25 70 12 37 3700 0.19 0.10 0.04 0.05 0.09 
19 376 828 141 133 142 109 140 96 75 62 44 86 72 68 57 49 51 37 16 38 20 97 79 99 78 48 35 11 93 20 62 27 3740 0.12 0.10 0.10 0.14 0.19 
20 92 903 114 121 109 129 102 59 28 79 23 16 50 26 43 91 56 30 56 27 70 18 79 69 87 90 48 24 78 16 85 80 3500 0.08 0.14 0.03 0.12 0.12 
21 104 440 126 142 148 150 137 31 55 39 23 74 39 95 54 99 74 85 25 21 45 90 50 74 29 72 48 34 53 33 40 41 2325 0.18 0.20 0.04 0.17 0.02 
22 682 441 102 125 147 101 143 54 75 86 28 59 38 94 52 78 43 58 66 25 28 90 12 81 59 89 18 81 73 19 99 73 2265 0.20 0.01 0.16 0.11 0.01 
23 97 456 122 104 145 113 141 60 100 95 75 58 89 37 63 17 38 65 78 51 87 59 95 57 47 79 29 37 76 58 95 84 3340 0.04 0.18 0.18 0.18 0.02 
24 313 928 142 130 143 120 148 77 64 15 72 80 74 66 92 48 22 84 90 28 47 78 56 72 77 88 28 30 30 79 70 44 3340 0.08 0.05 0.17 0.15 0.01 
25 384 763 141 121 150 124 121 38 53 20 37 36 55 34 90 99 80 37 67 41 98 48 76 18 55 25 16 27 18 96 60 53 3600 0.13 0.01 0.09 0.18 0.18 
26 668 951 122 108 130 136 128 82 73 43 43 100 73 97 99 84 35 39 11 73 54 28 50 39 85 12 49 17 29 84 47 22 2550 0.16 0.20 0.03 0.15 0.12 
27 722 404 139 148 117 132 149 16 95 78 74 33 98 76 58 40 77 24 41 86 39 47 75 83 78 84 82 66 76 19 61 83 2475 0.11 0.18 0.20 0.04 0.13 
28 379 732 103 143 144 127 146 31 12 11 69 77 16 68 39 72 42 49 25 17 33 43 41 93 27 59 59 34 41 42 30 14 2910 0.02 0.12 0.08 0.11 0.16 
29 986 902 131 137 138 137 133 90 32 94 24 32 30 54 13 64 46 42 57 16 60 80 53 61 11 18 67 37 73 93 85 33 3740 0.08 0.16 0.02 0.02 0.02 
30 842 338 126 108 118 144 119 27 32 60 73 63 78 74 47 37 26 90 34 64 76 22 31 96 20 73 95 60 49 71 68 63 2730 0.14 0.10 0.13 0.11 0.01 
