100 1 1 7 11476
815 187
12354 11100 8000 8700 6100 14000 5200 7500 0.01 
1 175 832 106 82 49 33 71 59 65 98 640 0.05 
2 315 601 101 79 54 64 26 41 24 62 468 0.10 
3 908 230 122 81 80 49 27 60 30 65 640 0.20 
4 184 289 114 88 77 46 73 49 76 78 776 0.03 
5 175 562 150 95 71 13 20 32 83 89 716 0.02 
6 458 172 138 93 91 41 93 81 28 69 576 0.04 
7 735 237 144 59 88 61 63 80 55 33 498 0.15 
8 871 801 132 77 65 79 92 60 71 82 692 0.19 
9 34 192 115 72 90 59 90 74 17 39 684 0.08 
10 292 220 101 57 21 81 22 11 57 39 640 0.19 
11 202 596 127 25 56 59 98 99 82 50 579 0.08 
12 476 693 117 45 83 40 50 47 86 22 716 0.12 
13 98 792 116 86 36 66 28 26 43 36 680 0.12 
14 767 10 101 39 54 19 52 52 54 86 740 0.00 
15 964 83 105 77 92 87 63 57 73 51 640 0.06 
16 558 713 123 98 11 60 39 95 51 82 492 0.18 
17 453 924 121 62 22 31 42 74 97 85 516 0.08 
18 629 886 136 22 41 21 89 84 71 89 597 0.04 
19 130 967 128 51 12 93 41 67 16 14 668 0.14 
20 42 322 133 19 24 22 32 80 85 63 612 0.03 
21 419 688 128 21 57 52 90 94 92 53 736 0.03 
22 931 460 137 52 27 56 34 16 65 99 594 0.01 
23 635 110 126 36 60 43 100 14 53 57 736 0.07 
24 111 122 113 83 17 15 32 27 18 100 486 0.01 
25 611 218 142 36 70 97 88 90 32 99 696 0.08 
26 645 233 109 29 93 18 27 55 52 85 780 0.19 
27 855 935 112 60 52 62 51 86 49 73 632 0.07 
28 23 997 119 49 50 71 40 20 52 84 760 0.04 
29 711 622 111 16 15 66 53 40 77 94 510 0.00 
30 483 845 141 79 13 78 65 100 78 66 597 0.08 
31 82 44 148 93 93 87 96 40 55 63 708 0.16 
32 744 81 146 65 83 36 16 57 14 71 760 0.15 
33 820 726 145 83 22 27 86 79 19 78 668 0.02 
34 873 967 133 68 72 12 72 68 67 54 522 0.07 
35 519 291 126 78 26 63 25 69 45 88 644 0.02 
36 887 957 119 22 29 53 92 97 72 26 549 0.19 
37 917 985 102 50 100 86 44 48 25 21 567 0.11 
38 321 752 149 78 43 72 38 25 45 18 591 0.03 
39 724 430 130 32 86 29 69 23 68 31 652 0.16 
40 461 590 142 65 14 38 95 81 16 37 465 0.16 
41 153 168 148 75 16 72 78 18 93 63 616 0.04 
42 651 103 122 70 25 75 95 95 40 60 656 0.06 
43 58 428 101 83 77 82 85 59 18 90 700 0.07 
44 224 196 101 88 88 16 83 37 38 97 552 0.09 
45 904 348 112 77 86 25 51 81 60 27 522 0.02 
46 563 51 110 15 44 84 66 95 33 53 468 0.19 
47 319 35 101 72 69 85 66 95 62 52 648 0.14 
48 681 730 130 25 68 66 100 77 33 95 594 0.05 
49 618 610 130 11 33 39 65 26 11 85 558 0.12 
50 842 681 115 76 91 83 17 88 97 75 564 0.12 
51 377 207 114 76 93 95 68 43 58 52 462 0.17 
52 590 394 104 51 88 93 20 50 68 62 471 0.18 
53 796 423 122 90 13 42 42 26 69 87 468 0.04 
54 533 612 127 92 95 89 49 75 92 88 724 0.11 
55 913 952 131 22 24 15 22 28 95 76 594 0.09 
56 162 773 131 67 17 81 96 20 73 90 612 0.12 
57 481 771 121 14 12 30 27 74 93 92 531 0.13 
58 533 736 107 22 33 61 48 47 27 16 522 0.08 
59 421 35 146 76 41 40 88 75 43 51 764 0.07 
60 97 503 136 14 73 40 46 54 14 30 772 0.08 
61 428 163 132 18 84 85 33 73 60 63 597 0.11 
62 402 302 131 55 24 82 19 30 47 43 696 0.15 
63 171 515 150 40 80 46 99 24 15 83 471 0.10 
64 170 125 127 69 40 52 69 36 59 44 561 0.19 
65 46 418 117 49 98 63 63 100 55 43 612 0.14 
66 81 995 122 90 41 89 41 49 19 33 676 0.16 
67 912 642 126 28 87 30 78 74 68 75 604 0.16 
68 521 344 110 85 32 86 71 50 37 64 632 0.14 
69 649 263 115 36 99 67 97 76 84 45 656 0.10 
70 912 57 107 83 38 75 97 22 59 80 570 0.19 
71 536 314 118 52 46 67 55 12 54 53 608 0.05 
72 687 205 144 79 54 37 80 49 71 17 756 0.13 
73 142 684 113 15 78 61 49 47 64 46 716 0.20 
74 443 503 125 19 93 18 55 67 86 99 498 0.04 
75 817 918 101 95 52 98 92 79 64 31 549 0.12 
76 550 502 141 25 85 76 37 52 46 81 543 0.17 
77 967 360 114 24 49 29 47 75 75 50 474 0.08 
78 999 598 121 51 14 77 89 34 91 35 720 0.03 
79 909 725 132 87 59 45 89 11 20 89 594 0.07 
80 189 630 101 74 52 73 21 74 23 77 612 0.04 
81 460 622 101 72 77 57 32 25 95 80 652 0.03 
82 21 796 123 90 34 69 61 71 94 12 468 0.05 
83 224 714 150 70 42 70 19 54 93 48 656 0.08 
84 779 999 129 90 87 16 60 61 57 45 668 0.05 
85 895 667 124 40 97 17 71 73 39 64 537 0.17 
86 259 335 119 62 60 23 17 84 12 55 552 0.12 
87 303 519 113 14 25 59 74 77 50 70 604 0.18 
88 362 999 135 72 43 88 17 100 11 66 597 0.11 
89 373 97 135 13 80 87 23 65 90 89 459 0.19 
90 526 21 120 87 40 20 22 41 81 16 680 0.04 
91 453 492 103 49 68 31 61 57 34 92 624 0.01 
92 695 573 111 47 51 59 82 50 97 73 594 0.20 
93 245 497 144 93 81 24 59 74 62 26 776 0.19 
94 585 38 105 24 73 12 100 17 100 50 519 0.06 
95 91 407 111 83 32 52 58 66 96 90 465 0.01 
96 929 571 146 27 18 87 44 35 100 69 573 0.03 
97 773 604 122 30 50 14 87 11 48 18 495 0.03 
98 277 267 142 16 98 18 37 16 35 96 480 0.11 
99 658 639 121 14 63 95 65 16 76 67 546 0.04 
100 627 173 136 13 94 69 87 58 74 46 579 0.07 
