100 5 1 7 55458
703 850
12595 12608 12693 12553 12694 5700 6500 9600 12200 8800 7200 8000 8800 13500 9300 6300 13400 8800 10000 12300 8800 5400 6200 13100 12900 6500 12300 14000 5200 13400 12400 13800 8300 7000 7100 6200 12800 13700 10700 10900 0.01 0.01 0.01 0.01 0.01 
1 694 275 133 124 137 143 137 86 64 37 75 98 66 73 14 40 27 37 77 13 24 75 97 47 18 16 40 56 89 24 11 30 76 63 100 26 36 49 23 54 21 78 3660 0.14 0.02 0.01 0.02 0.17 
2 363 182 145 143 137 108 117 13 92 21 94 99 48 45 100 64 12 62 25 76 40 25 52 56 87 81 64 89 61 30 47 70 86 83 76 37 48 44 87 47 78 61 3860 0.04 0.11 0.08 0.05 0.14 
3 998 459 130 138 150 105 146 27 90 73 42 41 61 92 97 24 97 42 51 46 68 79 54 87 56 67 33 49 82 18 69 33 79 34 25 76 87 88 16 48 80 27 2475 0.12 0.00 0.04 0.02 0.13 
4 682 564 123 128 135 105 108 68 96 66 52 96 97 86 28 18 81 51 32 37 78 25 45 17 56 61 13 100 91 94 97 47 75 85 98 80 25 46 38 21 31 40 2550 0.15 0.11 0.07 0.05 0.08 
5 17 607 140 143 106 103 111 87 68 27 51 67 14 94 100 40 87 46 89 43 77 40 14 23 23 44 13 12 95 23 66 64 55 79 30 98 47 44 27 12 89 38 3200 0.20 0.07 0.10 0.05 0.14 
6 189 325 145 135 126 107 125 44 60 73 98 61 40 92 95 18 79 35 37 72 85 67 11 36 55 90 88 86 85 53 35 59 74 72 36 83 60 15 44 89 58 30 2655 0.14 0.16 0.16 0.16 0.03 
7 617 659 123 134 107 126 143 66 56 95 53 41 22 38 47 48 56 18 35 24 91 80 86 34 38 67 68 16 89 59 48 42 51 49 99 94 56 20 34 67 99 68 2940 0.06 0.13 0.12 0.04 0.04 
8 774 242 103 113 128 109 128 38 57 28 96 63 45 84 44 78 23 83 38 80 38 90 24 50 88 81 14 86 76 55 96 90 22 25 51 34 69 96 48 65 42 20 2865 0.00 0.11 0.16 0.06 0.20 
9 659 346 106 127 131 129 109 82 55 25 47 40 32 23 79 64 57 94 67 58 79 53 26 51 84 87 48 16 80 14 87 11 46 91 83 97 59 25 36 81 89 72 3260 0.10 0.18 0.06 0.13 0.02 
10 428 867 146 128 101 150 122 97 25 46 96 31 16 37 54 37 31 45 19 61 41 75 29 100 64 52 20 68 24 38 58 57 84 89 16 65 51 37 85 56 64 70 3600 0.20 0.04 0.16 0.19 0.01 
11 448 817 128 125 113 140 129 79 54 19 88 21 40 63 49 20 31 89 25 62 53 88 38 72 51 59 33 93 80 53 26 30 32 54 49 97 58 49 17 49 12 16 3620 0.11 0.10 0.16 0.16 0.08 
12 162 364 125 109 120 106 118 36 91 79 21 83 41 52 56 71 18 100 72 17 58 18 27 29 19 32 67 81 55 67 20 85 31 60 53 51 31 66 33 23 18 20 2700 0.16 0.15 0.06 0.05 0.10 
13 159 300 121 142 132 108 106 99 11 38 27 43 99 71 71 56 81 30 60 88 70 54 55 54 23 64 73 14 54 67 27 82 47 71 88 33 25 76 65 76 47 25 2610 0.08 0.12 0.04 0.02 0.03 
14 415 911 123 147 136 112 120 63 62 56 35 27 49 40 66 21 30 36 60 79 59 54 75 12 52 90 47 57 11 21 42 87 30 81 79 42 34 17 59 35 98 41 3420 0.12 0.08 0.01 0.09 0.10 
15 890 796 106 118 140 108 106 57 47 13 93 56 100 56 42 94 48 22 73 29 16 87 64 82 85 56 33 55 62 74 71 48 82 28 61 65 63 83 20 25 90 37 3060 0.18 0.14 0.04 0.01 0.12 
16 739 835 125 140 135 137 108 60 25 95 45 69 76 96 46 95 76 26 56 65 80 47 51 84 88 39 39 33 58 39 19 81 17 49 30 26 76 11 46 51 58 40 2880 0.19 0.17 0.02 0.15 0.02 
17 775 153 150 130 150 125 135 12 18 87 93 40 51 12 21 82 37 21 63 55 36 17 72 92 64 63 92 67 16 64 51 100 44 70 57 77 43 37 16 83 38 36 3240 0.05 0.15 0.15 0.16 0.02 
18 505 989 130 108 121 114 148 29 89 77 20 55 96 26 46 77 13 67 85 100 44 88 11 62 78 88 17 11 72 86 30 24 75 55 38 95 66 65 12 23 80 33 3960 0.00 0.12 0.14 0.11 0.20 
19 134 882 141 110 105 121 148 33 13 59 39 13 60 62 41 76 25 48 65 70 42 35 43 42 66 28 51 74 26 28 53 87 89 78 58 81 16 12 45 27 63 85 3960 0.01 0.19 0.06 0.12 0.13 
20 766 37 103 136 147 140 144 66 21 100 68 46 66 46 18 32 13 85 79 23 27 24 62 63 39 46 72 66 28 20 80 67 44 34 11 96 100 29 41 65 64 55 2655 0.18 0.03 0.11 0.19 0.11 
21 692 167 104 137 120 105 122 37 35 84 60 53 42 39 21 95 57 97 96 18 54 37 47 74 52 91 97 89 67 65 83 54 39 79 91 66 36 24 18 30 14 31 2385 0.13 0.10 0.05 0.16 0.00 
22 948 431 101 147 126 110 142 37 76 30 86 64 81 14 63 57 19 94 100 74 59 49 66 16 53 48 98 13 85 58 22 78 21 46 17 22 89 85 75 69 50 17 3180 0.01 0.15 0.00 0.06 0.18 
23 796 403 144 111 144 117 124 12 93 89 99 95 64 45 76 75 77 73 81 38 84 74 21 90 23 27 73 71 49 80 44 35 76 33 76 77 64 75 72 27 71 37 2325 0.05 0.09 0.19 0.02 0.14 
24 379 165 112 125 148 141 149 49 40 13 73 62 96 73 40 97 17 24 72 83 90 19 23 14 79 12 19 76 49 53 20 63 12 88 86 27 50 75 79 98 48 20 3080 0.11 0.20 0.15 0.02 0.18 
25 823 331 117 147 139 145 143 57 98 29 28 73 46 66 55 28 79 95 66 81 21 55 51 64 92 22 52 88 15 55 100 58 98 29 23 79 41 34 13 76 89 80 3980 0.01 0.17 0.10 0.17 0.00 
26 260 886 111 117 102 147 120 16 88 63 19 75 14 24 13 71 78 32 45 84 62 17 64 64 58 43 98 26 36 11 93 37 52 89 78 76 92 66 12 95 41 82 2895 0.07 0.15 0.02 0.09 0.07 
27 389 636 143 144 137 126 105 48 58 52 98 73 93 85 48 21 25 36 50 33 63 50 64 88 80 97 99 94 41 90 11 34 36 64 43 21 84 33 46 38 17 18 3200 0.18 0.03 0.11 0.18 0.04 
28 498 868 115 137 150 106 116 24 12 35 22 95 42 53 94 38 72 57 32 97 30 29 65 95 88 34 31 29 83 99 38 96 73 59 73 60 59 59 55 52 11 91 3420 0.15 0.03 0.15 0.03 0.06 
29 947 921 107 109 140 140 141 87 78 75 17 58 44 51 33 47 81 81 71 28 41 76 47 71 39 37 68 81 73 54 98 98 84 89 48 28 22 39 76 17 79 32 3340 0.16 0.10 0.19 0.16 0.03 
30 56 750 132 109 137 148 111 50 46 88 17 78 37 41 87 38 67 37 38 89 54 27 29 18 57 12 98 34 31 70 59 84 87 67 45 64 84 94 42 73 87 25 2940 0.08 0.05 0.10 0.14 0.03 
31 863 406 118 136 128 109 150 21 94 72 18 27 89 39 47 74 87 65 71 74 29 30 22 78 16 36 50 81 86 84 37 38 87 73 98 28 31 66 44 71 56 44 4000 0.12 0.02 0.01 0.10 0.06 
32 471 917 115 128 149 108 129 87 79 12 36 60 32 22 58 49 43 82 98 91 100 56 95 51 64 38 20 83 43 34 64 99 42 37 75 68 39 54 79 60 27 73 2805 0.16 0.09 0.18 0.12 0.05 
33 344 313 124 129 150 148 109 43 65 85 52 99 56 47 19 45 26 97 19 43 64 86 42 58 12 66 26 28 28 93 26 28 86 80 37 96 74 32 95 29 68 40 2310 0.13 0.19 0.18 0.06 0.19 
34 536 720 123 132 125 127 139 80 89 60 96 68 81 23 59 92 98 38 29 77 85 60 79 72 27 19 60 80 96 14 64 96 36 51 90 39 49 62 58 81 36 70 3000 0.17 0.03 0.04 0.18 0.00 
35 356 248 140 105 141 108 126 74 86 51 33 27 28 28 81 76 17 31 65 74 21 87 69 45 75 90 74 54 91 13 28 93 15 34 36 19 38 62 36 55 41 17 3920 0.07 0.03 0.05 0.16 0.11 
36 488 697 108 103 134 113 112 83 61 90 56 66 60 98 77 91 34 63 26 63 33 24 20 60 17 27 85 22 54 44 54 72 81 92 72 53 24 18 70 73 68 38 2820 0.17 0.08 0.00 0.01 0.04 
37 175 167 122 106 148 142 147 88 95 74 72 69 79 78 32 49 44 75 73 97 27 66 49 20 33 76 21 80 36 66 63 74 95 14 31 60 56 16 28 86 83 81 2595 0.17 0.04 0.06 0.16 0.02 
38 215 827 126 118 113 150 107 64 99 35 36 40 74 24 37 49 90 92 31 33 51 38 69 23 72 49 29 55 61 61 73 72 15 11 31 99 55 17 38 29 30 85 3160 0.18 0.15 0.15 0.00 0.15 
39 316 727 124 130 133 119 146 37 58 17 17 12 31 30 94 91 80 56 74 99 54 16 43 60 87 28 66 55 25 94 49 25 71 87 44 44 50 66 97 71 47 20 3780 0.16 0.10 0.18 0.09 0.12 
40 479 80 115 134 120 122 137 91 94 87 19 100 40 85 40 99 25 26 43 74 21 91 17 66 37 79 43 25 65 39 31 40 32 38 100 83 86 82 44 77 67 88 2655 0.10 0.00 0.13 0.11 0.12 
41 525 661 132 147 118 119 124 72 16 79 15 82 60 69 81 99 93 70 60 67 52 48 85 74 14 34 42 31 25 41 77 71 47 56 34 23 64 23 95 24 43 28 2595 0.11 0.15 0.00 0.05 0.18 
42 685 221 146 110 105 110 149 74 42 35 15 24 75 81 51 14 53 97 37 23 19 87 65 13 29 83 58 74 72 77 83 37 25 20 38 51 25 16 64 89 87 32 3400 0.09 0.04 0.12 0.03 0.16 
43 627 967 106 113 148 115 125 32 66 56 41 39 62 13 44 39 82 16 29 32 56 89 72 83 75 93 73 26 60 93 27 17 22 12 80 67 88 35 58 49 89 63 3160 0.09 0.06 0.04 0.03 0.19 
44 636 679 134 130 113 108 120 74 94 72 46 20 51 95 67 63 37 68 43 31 87 18 44 30 96 58 64 75 13 72 32 22 63 51 39 44 63 34 15 13 28 69 2445 0.09 0.15 0.13 0.01 0.10 
45 526 555 122 107 109 126 144 75 42 79 91 69 84 93 15 14 17 17 95 94 50 27 55 59 97 75 80 39 69 65 98 95 20 44 27 38 95 36 96 78 81 49 2640 0.00 0.17 0.18 0.08 0.11 
46 960 989 135 147 134 134 113 59 23 70 38 51 90 58 50 15 76 83 31 22 72 99 29 17 79 68 12 25 14 16 74 17 54 91 12 65 33 91 68 74 11 34 3700 0.12 0.09 0.08 0.02 0.07 
47 499 328 141 123 134 121 148 83 50 29 47 26 92 50 66 56 36 18 19 89 72 80 39 66 42 63 41 46 50 84 86 30 98 18 29 57 99 27 72 91 28 55 3900 0.02 0.08 0.04 0.15 0.00 
48 443 809 149 134 126 149 149 14 41 53 96 76 66 45 13 27 18 20 45 50 29 66 52 86 45 96 55 69 31 25 44 30 63 43 58 73 100 24 100 27 21 20 2805 0.05 0.07 0.01 0.11 0.07 
49 348 769 104 120 120 124 120 13 29 56 19 49 31 39 26 59 26 58 68 44 82 20 81 46 30 52 27 18 17 40 48 77 20 84 36 64 43 83 12 63 73 27 2865 0.10 0.03 0.20 0.14 0.06 
50 223 555 109 125 104 104 147 15 80 13 83 87 33 89 32 65 88 15 53 61 30 43 84 100 16 100 39 88 78 38 84 97 59 44 97 24 99 98 62 83 87 40 2745 0.18 0.05 0.08 0.03 0.02 
51 65 31 148 125 106 135 131 53 91 35 43 79 81 72 26 69 27 21 65 42 34 39 86 60 77 77 26 80 48 48 85 90 91 18 25 99 12 90 39 44 61 96 3180 0.06 0.06 0.14 0.18 0.01 
52 568 230 121 132 130 131 111 71 72 30 86 13 75 85 59 75 41 29 51 36 79 25 69 47 75 26 57 56 78 90 56 84 11 51 37 23 56 18 25 31 93 65 3180 0.14 0.10 0.15 0.12 0.07 
53 833 579 120 103 128 107 141 19 85 87 28 40 38 57 83 40 82 86 28 15 98 22 74 55 66 91 48 84 20 15 82 61 77 40 31 24 69 64 16 96 20 35 3820 0.11 0.16 0.01 0.11 0.11 
54 90 621 131 109 125 125 110 59 11 90 96 47 89 16 32 28 79 61 100 77 37 41 42 64 12 28 56 65 71 82 57 97 86 92 97 92 48 92 90 37 97 92 3920 0.03 0.10 0.09 0.19 0.18 
55 510 641 142 149 132 131 131 59 54 31 15 18 15 37 23 34 37 14 82 33 58 25 47 17 73 91 27 11 11 76 72 59 71 62 62 16 82 47 23 48 74 64 2835 0.06 0.00 0.04 0.16 0.15 
56 623 107 143 133 137 117 113 79 76 24 57 76 35 57 97 67 73 20 80 15 25 52 90 60 77 15 72 35 88 26 46 22 87 48 45 23 58 73 50 45 29 14 3540 0.05 0.04 0.03 0.17 0.06 
57 89 486 133 116 148 149 129 50 60 72 21 46 81 60 26 34 99 63 68 26 38 50 77 22 69 81 14 67 15 83 50 83 20 85 50 96 22 32 41 54 81 53 3680 0.18 0.01 0.11 0.02 0.00 
58 184 401 101 108 110 114 146 22 50 29 25 17 88 81 90 64 60 74 65 71 70 92 100 81 34 15 49 38 32 61 50 41 61 31 79 33 59 48 91 47 28 41 3860 0.18 0.13 0.11 0.06 0.17 
59 549 710 118 141 146 144 107 68 89 86 68 26 17 89 18 82 50 38 22 73 22 72 12 69 89 94 94 84 54 81 57 36 67 22 17 62 54 54 39 60 94 66 2925 0.04 0.12 0.09 0.09 0.10 
60 993 188 135 125 131 122 138 39 50 25 84 33 60 89 68 24 84 79 82 69 92 22 30 84 16 85 12 42 58 80 41 25 12 40 45 42 59 37 64 70 78 81 3660 0.02 0.06 0.11 0.03 0.16 
61 523 561 114 126 118 145 150 95 11 64 96 42 66 15 97 81 37 88 78 29 29 55 45 58 32 25 85 75 52 99 61 11 19 94 80 56 95 23 88 22 27 23 2670 0.16 0.15 0.18 0.09 0.14 
62 458 521 121 144 138 124 124 19 57 86 55 31 25 97 76 59 52 31 38 16 77 80 26 96 97 90 65 56 74 82 57 64 43 82 35 38 73 58 21 49 16 91 3500 0.09 0.00 0.19 0.06 0.08 
63 680 904 133 128 113 116 102 85 37 91 49 82 80 75 36 38 58 69 24 23 97 70 17 87 76 59 62 92 58 45 14 82 72 44 83 33 35 57 14 15 83 29 3600 0.16 0.08 0.05 0.07 0.11 
64 540 262 144 142 130 122 132 19 46 35 70 89 77 80 42 23 57 76 58 13 98 21 63 48 93 43 40 64 52 48 19 22 32 80 88 77 22 24 28 51 93 51 2355 0.16 0.09 0.06 0.15 0.04 
65 53 987 128 121 122 113 147 95 25 77 86 78 47 89 17 100 99 48 87 53 77 66 94 11 20 96 44 76 15 90 15 72 47 75 16 90 83 41 29 81 29 96 2535 0.08 0.11 0.09 0.18 0.15 
66 754 148 119 102 150 134 118 79 73 13 23 100 56 27 60 50 87 87 18 80 76 72 56 32 90 52 70 70 56 37 58 70 15 73 77 97 41 58 96 49 36 85 2655 0.02 0.19 0.08 0.01 0.19 
67 789 91 102 144 112 146 109 68 25 32 38 46 81 83 38 15 39 62 43 74 58 31 53 74 18 89 71 96 69 40 37 41 76 62 59 38 80 33 73 60 67 97 2715 0.14 0.12 0.18 0.01 0.08 
68 541 464 135 103 144 103 149 12 49 50 34 44 23 92 50 33 63 63 81 58 90 80 62 72 46 58 73 69 34 72 93 43 62 34 94 72 95 48 16 70 40 92 3680 0.20 0.18 0.12 0.09 0.02 
69 255 156 141 149 130 131 131 40 40 45 64 98 78 87 71 29 82 94 22 96 28 43 85 38 34 76 98 47 30 93 82 41 60 24 65 53 99 14 12 39 53 84 2415 0.04 0.12 0.12 0.13 0.01 
70 305 411 132 109 118 125 145 92 92 45 51 38 26 70 97 62 42 72 78 44 76 100 39 67 52 22 27 74 84 18 49 17 72 17 75 98 71 65 87 86 86 69 3340 0.16 0.11 0.17 0.07 0.15 
71 238 422 102 115 122 129 117 71 97 84 49 33 21 32 22 90 64 28 65 40 25 57 11 73 42 31 17 79 74 93 39 17 97 84 41 43 24 67 65 86 88 56 2970 0.19 0.11 0.03 0.14 0.09 
72 702 536 142 147 106 111 135 52 50 73 20 28 17 84 45 52 30 80 82 48 22 14 38 43 54 46 91 83 67 38 30 56 17 38 60 78 85 30 57 91 65 29 3580 0.02 0.16 0.20 0.16 0.05 
73 26 418 149 102 144 133 132 53 18 12 43 52 70 99 89 17 86 27 66 58 56 77 12 92 94 82 78 62 44 63 43 73 21 97 39 15 93 96 56 62 56 87 3040 0.07 0.16 0.02 0.15 0.20 
74 453 446 136 134 116 146 149 35 12 32 64 63 65 97 97 31 88 94 22 51 60 98 67 27 53 53 28 67 60 98 56 84 40 65 34 66 56 80 81 20 76 96 2985 0.11 0.04 0.00 0.14 0.12 
75 677 190 104 123 106 146 146 89 49 30 68 67 57 27 13 63 93 67 86 19 84 50 64 65 25 21 33 35 84 94 92 56 28 36 84 36 65 36 92 22 14 55 2490 0.18 0.14 0.14 0.03 0.02 
76 927 235 105 134 141 110 123 22 85 51 44 19 58 79 50 34 82 37 70 50 62 75 15 45 40 21 72 96 13 61 40 42 18 99 72 45 74 25 16 32 94 70 2685 0.11 0.18 0.07 0.11 0.08 
77 497 54 135 134 113 147 102 30 18 48 92 13 18 56 99 87 84 60 58 65 94 80 99 15 35 30 37 13 47 13 36 18 88 14 45 21 44 98 75 51 16 89 3040 0.08 0.11 0.00 0.20 0.15 
78 740 185 150 101 108 111 122 51 92 86 39 56 70 75 96 44 97 99 78 66 71 25 45 23 30 85 24 74 36 75 96 42 21 63 98 16 83 89 24 15 25 33 3960 0.17 0.02 0.12 0.01 0.01 
79 378 701 120 107 115 131 106 71 43 100 47 16 69 72 65 65 52 79 62 12 47 52 60 11 66 82 62 75 73 61 61 54 19 74 31 16 82 77 21 50 11 52 2925 0.00 0.07 0.17 0.02 0.16 
80 447 549 110 132 139 107 123 37 76 35 50 50 50 74 100 79 70 35 99 100 40 77 12 81 39 15 99 55 95 33 66 37 59 24 28 51 52 86 52 91 21 51 3180 0.07 0.01 0.02 0.01 0.02 
81 974 458 117 131 142 140 136 61 38 37 21 82 85 15 51 41 77 26 20 24 67 61 18 14 72 21 56 60 84 99 53 52 40 52 22 41 100 62 75 84 66 93 2520 0.16 0.06 0.17 0.15 0.03 
82 405 327 147 147 118 134 105 83 66 61 90 77 95 73 99 25 67 51 88 18 43 70 17 32 87 99 18 45 71 11 11 90 80 95 40 22 53 13 51 47 38 39 2880 0.08 0.09 0.12 0.14 0.01 
83 642 64 149 102 103 146 124 60 72 47 67 16 66 37 28 78 48 75 70 24 48 26 88 58 15 27 54 56 91 98 89 32 36 74 69 98 67 14 13 84 41 33 2400 0.19 0.03 0.07 0.05 0.14 
84 855 249 123 139 119 107 136 21 28 93 27 35 27 69 16 90 58 41 20 95 38 99 93 74 91 25 37 22 26 13 44 53 66 57 29 74 73 93 60 51 23 82 3040 0.08 0.08 0.15 0.03 0.18 
85 585 309 142 137 106 135 126 37 36 97 63 48 95 41 91 83 67 99 63 43 72 87 83 37 99 65 45 62 83 87 93 20 87 39 92 26 50 38 25 96 68 26 2880 0.16 0.12 0.15 0.16 0.19 
86 801 727 126 140 149 147 101 90 76 16 34 90 23 68 15 78 24 95 31 89 73 26 87 27 45 65 65 98 48 75 37 17 38 52 58 80 63 51 69 37 70 44 2955 0.14 0.07 0.13 0.00 0.06 
87 368 234 149 109 121 111 132 67 18 24 31 15 22 30 49 88 16 52 45 85 31 87 89 85 56 84 78 93 27 73 37 38 23 49 87 56 11 23 23 74 42 91 2880 0.15 0.18 0.17 0.01 0.12 
88 227 264 123 134 137 139 112 73 74 18 12 28 100 28 37 17 65 37 94 57 82 69 94 67 100 47 41 81 56 59 51 91 47 31 77 56 85 73 36 84 90 78 3140 0.08 0.05 0.14 0.01 0.03 
89 235 449 102 125 136 141 105 25 69 33 55 12 41 100 81 53 58 11 29 28 19 90 44 11 42 73 72 90 70 41 67 11 37 36 87 94 72 58 57 12 19 68 2865 0.08 0.01 0.04 0.12 0.03 
90 179 118 108 140 108 129 125 96 39 72 68 28 37 89 93 51 46 28 89 49 74 96 82 24 14 50 58 27 16 58 34 21 53 32 72 60 44 68 40 70 56 87 2520 0.05 0.04 0.12 0.17 0.17 
91 808 19 130 132 149 130 103 71 45 50 80 61 79 85 13 57 75 86 29 75 45 42 74 83 49 23 97 96 53 93 81 19 88 60 19 56 20 89 17 89 36 38 3640 0.10 0.13 0.18 0.05 0.08 
92 442 615 139 121 117 144 109 58 69 72 16 26 30 58 62 29 58 73 89 68 28 18 86 49 43 24 53 77 80 90 15 13 65 73 62 94 85 41 19 66 51 79 2985 0.15 0.08 0.05 0.05 0.11 
93 731 733 105 115 104 114 119 69 58 81 21 86 58 52 62 17 91 86 30 64 79 95 50 32 45 28 11 65 13 35 99 33 94 24 91 71 71 35 56 28 76 82 2880 0.19 0.16 0.01 0.07 0.12 
94 722 613 139 131 133 133 101 51 78 62 51 94 67 16 28 90 74 41 80 87 63 73 70 30 49 51 61 82 77 45 11 71 12 44 15 74 28 55 29 84 22 99 3240 0.20 0.17 0.04 0.06 0.12 
95 273 867 119 126 142 127 130 13 31 65 25 65 39 91 91 61 63 87 27 67 60 73 40 80 85 39 80 48 73 28 72 79 63 55 93 37 19 41 53 99 31 52 3060 0.20 0.09 0.12 0.19 0.09 
96 820 829 137 124 104 140 123 86 40 16 28 77 68 52 91 82 19 97 74 87 34 79 76 43 61 79 84 93 21 66 27 59 73 21 36 12 94 89 79 23 92 87 2460 0.14 0.03 0.16 0.07 0.12 
97 299 845 121 110 108 130 141 37 71 91 20 25 34 82 51 40 15 23 27 76 76 65 16 84 56 92 87 81 48 80 42 32 22 14 43 36 85 19 51 19 52 83 2565 0.07 0.04 0.10 0.09 0.19 
98 167 5 127 149 145 104 138 14 86 57 90 66 57 89 50 20 70 54 15 69 41 39 43 59 80 25 31 22 15 71 39 27 91 68 82 15 90 46 33 98 34 29 2640 0.10 0.02 0.01 0.12 0.20 
99 464 630 131 118 105 134 146 61 27 92 43 39 17 48 97 64 51 26 97 44 83 79 15 46 65 85 45 60 87 21 44 31 22 43 98 59 90 67 49 58 66 99 2565 0.16 0.15 0.14 0.03 0.19 
100 552 607 122 102 117 126 141 21 39 16 55 50 92 93 87 24 86 29 21 19 40 37 78 71 92 77 76 72 59 100 73 23 76 48 44 38 11 93 40 54 85 51 3200 0.05 0.16 0.07 0.06 0.07 
