50 5 3 3 9154
37 873
6354 6449 6397 6154 6310 5950 5650 4050 6300 3300 3200 6450 3600 4900 5450 4000 6350 2650 3750 5600 0.01 0.01 0.01 0.01 0.01 
1 687 997 129 149 119 133 105 97 53 27 57 11 72 27 51 54 56 56 43 47 72 47 3520 0.16 0.12 0.03 0.18 0.05 
2 99 914 132 118 144 121 140 30 31 44 47 73 80 44 80 26 34 37 92 69 14 39 2430 0.19 0.07 0.12 0.11 0.10 
3 92 948 109 125 147 108 130 29 47 26 81 88 86 67 85 100 62 45 32 36 24 57 3240 0.09 0.04 0.10 0.16 0.15 
4 110 234 101 102 138 112 134 94 27 67 43 15 73 52 39 100 38 98 50 81 89 98 2655 0.17 0.19 0.03 0.01 0.09 
5 99 638 142 143 115 146 144 73 51 11 17 93 46 27 27 25 78 64 44 65 15 18 3480 0.01 0.11 0.12 0.01 0.14 
6 348 786 129 119 127 111 110 49 27 23 27 64 57 99 81 35 95 41 17 74 44 75 3820 0.04 0.02 0.09 0.15 0.14 
7 900 17 119 125 134 103 131 73 67 57 80 97 67 53 37 56 61 32 80 38 52 26 3540 0.04 0.04 0.01 0.06 0.13 
8 323 398 148 133 136 102 103 70 30 13 76 53 29 20 24 77 69 62 59 42 11 42 3380 0.15 0.17 0.03 0.19 0.18 
9 914 306 119 118 149 127 107 58 43 68 45 56 15 74 77 59 15 56 17 14 21 60 3240 0.07 0.03 0.18 0.05 0.06 
10 434 300 129 130 117 108 104 45 75 24 95 53 74 19 23 75 33 76 51 44 17 44 3560 0.09 0.05 0.04 0.12 0.03 
11 958 662 128 130 134 125 115 94 81 37 56 65 62 90 63 68 90 66 86 17 26 98 3020 0.14 0.19 0.10 0.20 0.03 
12 933 647 113 114 139 133 131 81 89 76 77 43 68 57 80 83 47 99 60 46 24 71 2910 0.15 0.14 0.14 0.14 0.04 
13 920 695 135 126 141 137 137 85 36 40 11 52 12 72 95 52 39 22 49 72 13 35 2295 0.07 0.09 0.09 0.02 0.03 
14 77 470 131 124 133 135 138 64 61 20 90 44 14 97 61 65 12 15 44 15 32 98 2490 0.13 0.15 0.07 0.02 0.04 
15 27 130 140 149 121 135 125 100 93 36 64 76 50 41 95 56 59 98 54 93 81 29 3960 0.03 0.07 0.11 0.18 0.14 
16 757 782 113 141 125 111 109 61 78 61 13 20 68 21 26 33 71 24 25 29 39 23 2850 0.12 0.10 0.14 0.19 0.01 
17 601 176 143 130 150 125 114 84 19 93 31 97 78 64 70 13 92 69 12 84 32 86 3340 0.01 0.19 0.16 0.11 0.13 
18 368 741 129 147 103 135 139 91 56 92 11 15 81 44 72 23 74 54 56 55 61 78 2490 0.01 0.02 0.06 0.19 0.18 
19 647 508 111 135 135 107 129 54 87 42 79 92 61 72 20 40 32 42 69 87 63 43 2430 0.14 0.19 0.15 0.16 0.05 
20 789 166 140 135 136 148 116 33 31 74 24 34 50 85 46 38 75 32 77 52 65 16 2955 0.08 0.17 0.14 0.07 0.11 
21 819 372 105 129 105 137 130 55 20 80 83 51 88 90 54 53 43 98 61 36 28 30 3460 0.18 0.14 0.05 0.14 0.07 
22 846 200 124 150 137 107 114 92 29 87 98 24 46 11 14 89 18 75 49 87 27 92 2805 0.08 0.06 0.10 0.01 0.10 
23 728 815 119 101 138 143 136 11 79 84 28 47 78 83 77 41 27 99 56 100 74 39 3120 0.16 0.10 0.07 0.01 0.01 
24 211 22 127 101 149 117 133 39 49 36 85 54 34 31 64 65 57 13 75 20 27 16 3500 0.10 0.19 0.07 0.20 0.06 
25 417 194 119 139 129 124 111 89 67 41 54 100 73 33 56 41 20 89 57 25 63 83 3980 0.14 0.11 0.18 0.12 0.18 
26 358 465 127 132 105 130 147 79 41 65 33 16 50 78 60 17 90 55 95 63 68 54 3860 0.08 0.03 0.01 0.19 0.01 
27 683 898 130 147 134 118 125 88 56 26 72 23 64 24 86 17 92 91 25 47 17 60 4000 0.14 0.05 0.15 0.17 0.06 
28 66 512 127 111 110 123 112 70 31 48 47 79 48 43 25 34 83 59 71 36 68 20 3980 0.14 0.06 0.08 0.19 0.02 
29 485 789 150 125 145 122 119 48 57 74 57 50 28 49 38 29 24 98 97 30 32 59 3020 0.06 0.12 0.16 0.13 0.20 
30 523 939 137 142 136 128 117 21 60 59 33 79 23 96 100 73 28 87 99 84 32 59 3020 0.19 0.16 0.15 0.11 0.12 
31 335 730 145 144 110 112 148 86 46 50 94 68 68 81 91 82 63 67 59 27 88 47 2505 0.07 0.19 0.02 0.03 0.14 
32 49 679 132 135 122 120 124 57 67 78 16 23 85 42 71 15 52 46 47 57 48 86 2910 0.07 0.02 0.00 0.06 0.04 
33 495 751 141 132 143 124 103 73 20 16 50 97 58 43 82 55 87 38 16 74 75 92 3440 0.13 0.11 0.05 0.15 0.11 
34 642 973 105 148 145 139 127 54 15 76 20 66 64 23 77 100 31 13 43 70 78 84 3000 0.01 0.11 0.19 0.11 0.15 
35 381 836 146 121 116 128 143 82 36 97 64 74 57 89 24 56 24 12 48 96 58 47 2310 0.05 0.06 0.02 0.16 0.05 
36 104 845 129 109 138 120 132 11 36 58 84 96 14 14 84 98 39 25 93 24 32 35 4000 0.09 0.04 0.08 0.16 0.06 
37 761 175 107 107 115 144 123 60 31 59 40 47 83 50 91 91 88 18 24 62 53 78 2400 0.17 0.11 0.05 0.01 0.19 
38 239 65 147 141 121 104 144 47 77 68 35 66 59 48 45 72 35 57 78 70 94 17 2265 0.06 0.07 0.17 0.17 0.11 
39 123 927 142 130 125 119 132 16 38 82 95 11 17 21 39 60 11 50 42 79 87 40 2310 0.02 0.11 0.06 0.08 0.08 
40 300 576 107 135 105 112 111 30 69 55 13 89 13 95 24 75 73 81 47 22 55 91 3880 0.16 0.08 0.08 0.07 0.13 
41 154 898 122 105 109 108 147 91 21 68 27 24 76 26 92 61 28 46 64 82 75 72 3340 0.07 0.01 0.11 0.15 0.09 
42 448 901 114 125 113 105 122 32 23 82 80 55 21 30 77 32 38 23 90 76 87 16 4000 0.05 0.01 0.05 0.06 0.12 
43 941 75 130 133 125 122 123 56 28 93 99 49 100 59 16 34 38 96 62 85 48 77 3080 0.00 0.17 0.14 0.01 0.02 
44 806 335 124 128 139 148 133 67 15 23 60 42 44 93 86 18 71 42 88 56 89 64 3540 0.13 0.19 0.15 0.10 0.12 
45 654 710 118 107 127 126 149 61 34 92 46 37 39 70 36 32 43 30 77 69 56 43 3180 0.12 0.17 0.11 0.11 0.13 
46 139 772 117 141 124 105 133 54 31 72 74 51 74 79 13 70 34 39 98 67 85 35 2820 0.06 0.12 0.19 0.03 0.02 
47 837 835 136 134 134 121 112 46 71 18 94 47 91 20 91 22 23 77 59 36 25 17 2985 0.15 0.13 0.02 0.06 0.12 
48 640 674 131 146 139 140 106 21 42 41 50 58 36 48 69 57 42 31 13 79 53 95 3820 0.07 0.00 0.11 0.19 0.02 
49 960 13 132 127 102 126 149 70 18 45 48 77 51 12 88 95 44 85 25 87 84 57 3200 0.03 0.17 0.10 0.03 0.08 
50 117 364 124 131 114 120 144 76 18 54 52 55 83 57 40 82 86 66 39 80 55 56 3020 0.14 0.13 0.14 0.12 0.03 
