50 3 1 5 16346
627 543
6183 6189 6168 4100 4950 3850 5100 4350 4400 6600 6400 2750 4600 2750 6050 6450 3300 2750 0.01 0.01 0.01 
1 413 381 108 133 116 15 21 62 93 100 98 94 32 92 54 41 41 16 50 69 1872 0.19 0.12 0.12 
2 415 388 137 137 105 32 89 13 50 92 17 13 90 99 64 97 58 71 88 63 1620 0.04 0.11 0.08 
3 809 193 136 118 136 78 67 35 37 62 59 12 30 60 94 66 96 47 65 59 2076 0.14 0.07 0.11 
4 91 765 115 109 108 74 21 75 87 26 26 83 22 15 44 63 46 59 22 39 2016 0.04 0.12 0.05 
5 989 932 122 113 142 64 59 29 45 20 19 30 48 57 46 72 28 84 76 23 2040 0.12 0.11 0.12 
6 234 396 145 145 106 33 18 48 81 59 44 69 33 40 78 48 97 44 56 94 1440 0.10 0.00 0.14 
7 685 127 144 115 135 95 46 22 95 87 79 94 51 59 14 54 34 39 84 11 2196 0.13 0.11 0.15 
8 770 810 102 108 146 78 39 24 63 53 19 88 83 13 37 82 82 50 40 48 1764 0.15 0.09 0.20 
9 563 628 110 117 139 83 39 91 87 27 64 55 74 26 97 87 46 80 89 34 2304 0.12 0.03 0.17 
10 9 797 119 109 141 75 20 77 98 81 80 71 30 67 87 82 93 14 98 89 1494 0.06 0.18 0.01 
11 811 185 109 135 147 25 90 31 29 26 94 35 17 91 67 33 90 26 51 76 1638 0.16 0.04 0.12 
12 712 932 139 129 131 95 53 12 15 25 81 14 39 100 29 55 16 75 97 72 1611 0.13 0.18 0.14 
13 743 621 139 120 118 19 54 33 79 28 74 70 50 40 46 20 50 100 71 68 1485 0.02 0.20 0.13 
14 156 79 105 147 149 19 50 23 59 44 67 50 49 98 67 33 88 88 62 34 1557 0.11 0.15 0.13 
15 259 604 147 125 132 27 70 43 75 34 83 35 99 42 31 60 32 63 19 88 1629 0.12 0.11 0.01 
16 730 527 101 120 116 46 19 70 38 86 16 55 34 80 40 24 65 70 17 47 1908 0.01 0.01 0.00 
17 86 612 115 137 131 43 64 59 55 25 90 33 56 79 70 84 25 70 63 16 2148 0.13 0.08 0.04 
18 975 925 137 112 133 35 18 90 41 69 74 84 67 80 98 69 30 47 100 52 1956 0.17 0.10 0.06 
19 883 984 145 142 101 55 19 32 22 67 47 75 36 39 95 64 78 48 43 75 2088 0.06 0.07 0.10 
20 376 621 111 137 135 24 90 94 47 85 53 56 13 64 22 62 48 22 91 42 1746 0.12 0.03 0.18 
21 582 974 130 126 106 91 86 64 87 19 63 98 16 61 45 13 90 88 66 63 1620 0.02 0.17 0.11 
22 685 45 146 121 111 51 59 23 85 55 37 92 39 24 100 38 60 56 88 56 1620 0.06 0.08 0.03 
23 983 627 104 122 134 59 15 17 53 19 93 67 56 39 73 28 64 22 93 26 1710 0.05 0.15 0.16 
24 218 448 142 121 122 26 94 64 74 61 85 65 18 37 74 81 92 59 71 27 2136 0.06 0.01 0.13 
25 123 792 124 111 103 31 11 67 12 24 27 17 40 53 68 37 84 100 63 19 1575 0.03 0.04 0.04 
26 936 62 101 123 104 58 58 32 15 38 35 39 87 37 14 15 21 92 19 40 1755 0.01 0.15 0.11 
27 41 280 122 125 146 46 59 70 24 64 33 74 43 37 63 24 91 12 12 95 1584 0.14 0.19 0.06 
28 852 351 136 136 135 32 86 32 15 33 12 43 95 77 97 62 32 11 88 84 1737 0.09 0.16 0.16 
29 276 128 120 129 131 49 61 98 96 12 79 88 91 46 72 47 14 73 76 62 1593 0.17 0.09 0.01 
30 210 36 107 116 136 55 85 54 75 39 75 90 34 32 53 100 40 98 45 63 1566 0.17 0.12 0.06 
31 67 336 102 114 125 25 33 72 43 39 87 75 68 23 14 87 55 80 18 59 1413 0.10 0.04 0.16 
32 212 565 133 106 128 69 98 55 49 38 63 60 74 57 50 43 25 93 55 80 1932 0.11 0.04 0.15 
33 598 234 117 145 108 84 35 71 87 84 55 81 23 55 70 69 81 51 25 30 1908 0.19 0.10 0.17 
34 176 397 112 111 120 74 46 54 70 48 53 34 82 91 17 98 49 63 52 18 1836 0.11 0.11 0.03 
35 209 391 107 113 117 79 88 72 16 16 41 13 70 100 13 15 36 25 57 95 1476 0.17 0.06 0.01 
36 142 708 129 107 121 52 49 30 73 17 52 94 11 19 62 11 26 48 11 28 1884 0.17 0.16 0.19 
37 135 209 137 147 105 42 13 76 44 73 86 73 38 58 42 61 35 67 69 48 1920 0.08 0.15 0.17 
38 12 458 112 145 109 86 84 24 85 18 27 21 17 22 45 97 69 53 17 100 1413 0.09 0.17 0.06 
39 712 867 121 138 141 49 66 92 82 42 29 77 16 66 85 82 57 16 55 53 1458 0.01 0.09 0.11 
40 761 483 125 110 125 21 31 77 96 53 97 18 38 40 11 58 40 36 23 24 1992 0.13 0.18 0.00 
41 914 481 112 105 104 84 46 75 18 40 28 60 79 76 12 72 72 15 11 34 1620 0.05 0.06 0.08 
42 480 53 137 145 131 59 37 92 32 48 68 84 31 75 75 55 35 25 30 88 1719 0.08 0.15 0.16 
43 822 566 150 142 118 59 91 98 49 36 97 62 43 29 61 86 96 72 22 71 1674 0.11 0.08 0.14 
44 499 209 145 113 109 55 69 41 51 49 61 40 52 99 27 96 40 36 76 90 2076 0.18 0.06 0.02 
45 387 631 103 137 113 26 91 74 21 65 65 34 93 67 72 28 63 51 78 79 1836 0.15 0.06 0.18 
46 149 688 117 104 135 59 20 46 28 79 43 31 22 53 86 70 71 67 88 94 1773 0.11 0.12 0.01 
47 392 817 132 105 110 57 81 69 16 39 26 100 39 43 40 37 22 37 41 59 1368 0.08 0.13 0.14 
48 134 376 143 124 117 31 49 12 17 48 63 29 91 30 19 45 18 23 39 99 2100 0.20 0.14 0.09 
49 156 410 116 111 127 87 94 58 61 76 81 25 79 50 24 12 42 53 32 12 1494 0.15 0.18 0.12 
50 288 190 115 129 110 41 52 16 99 28 47 21 34 60 87 40 63 80 79 76 2196 0.10 0.12 0.16 
