30 5 5 7 3382
478 307
3837 3821 3843 3710 3766 3840 4110 2820 3870 2160 2310 3300 2850 3750 3780 1620 3030 3420 3930 3660 2430 3480 4110 3510 2640 1860 2520 3930 3330 2370 3240 4140 3900 4050 2070 2520 2550 1980 2670 2190 0.01 0.01 0.01 0.01 0.01 
1 321 515 135 109 149 139 113 85 68 77 13 32 95 86 44 88 70 67 41 89 92 77 45 71 89 50 73 98 54 93 85 95 52 35 48 54 24 91 38 70 39 74 2940 0.08 0.06 0.19 0.16 0.10 
2 949 609 123 123 109 105 147 28 100 96 91 59 46 44 83 90 17 69 37 95 23 47 12 72 37 75 75 52 43 22 14 55 17 77 100 39 57 77 49 55 72 52 3620 0.14 0.08 0.09 0.08 0.09 
3 404 576 103 125 143 102 143 23 39 96 87 42 65 81 68 35 22 97 87 46 35 74 73 49 97 76 37 19 32 57 88 52 98 90 74 28 69 20 59 33 90 12 2805 0.19 0.08 0.11 0.06 0.15 
4 634 990 115 134 128 109 150 20 41 73 46 49 57 29 45 33 54 86 96 77 13 86 23 87 38 24 91 14 91 80 59 25 88 93 73 33 97 95 71 54 75 28 2355 0.18 0.16 0.05 0.10 0.01 
5 824 791 136 145 142 149 113 56 22 77 46 77 64 88 75 64 96 67 36 54 90 100 22 90 37 39 39 33 25 77 23 65 84 97 65 71 93 36 47 19 23 55 3720 0.11 0.16 0.19 0.03 0.20 
6 359 637 121 115 117 113 143 88 81 92 26 65 15 92 27 56 76 76 73 66 46 91 44 35 65 88 17 92 56 17 82 97 15 88 98 68 90 70 84 56 62 77 3780 0.11 0.04 0.04 0.01 0.02 
7 216 267 126 113 106 101 102 44 77 66 51 68 54 58 87 54 41 74 14 33 93 92 77 100 15 53 72 36 71 28 25 15 37 37 83 65 100 73 84 15 30 20 3700 0.11 0.05 0.11 0.04 0.05 
8 562 173 106 131 131 112 104 82 82 52 53 17 59 24 36 80 23 62 62 45 78 17 61 28 36 70 19 60 87 50 56 58 31 33 57 66 60 17 34 19 82 19 2565 0.06 0.02 0.02 0.09 0.00 
9 978 308 131 126 119 150 101 14 20 16 22 32 38 61 84 18 91 68 65 55 33 23 56 84 94 26 27 16 35 80 25 58 67 48 94 57 61 44 78 88 94 100 2715 0.00 0.14 0.11 0.09 0.15 
10 970 106 119 112 124 133 128 38 64 45 55 69 43 79 57 89 15 94 82 36 13 69 42 81 62 42 14 63 93 41 42 15 85 50 33 65 29 29 33 61 59 71 2805 0.04 0.18 0.17 0.13 0.18 
11 33 194 109 130 134 146 105 16 45 90 19 59 35 63 66 67 36 15 52 48 69 28 53 31 76 76 90 75 52 16 26 69 41 99 27 43 16 16 53 40 68 93 3940 0.16 0.03 0.04 0.14 0.18 
12 751 756 143 137 137 113 115 41 72 60 82 46 24 34 91 54 43 89 70 40 83 97 87 66 65 80 22 51 34 92 24 66 12 19 50 80 100 76 77 23 61 80 3880 0.20 0.18 0.00 0.19 0.01 
13 257 719 149 110 138 139 144 26 26 16 89 28 12 74 77 39 21 86 79 15 27 80 94 14 93 73 68 96 73 31 63 23 81 25 49 40 54 47 20 17 73 80 3620 0.11 0.05 0.12 0.13 0.11 
14 591 115 107 138 144 123 114 73 80 64 41 75 62 13 76 25 38 90 25 86 82 84 91 75 56 32 20 19 92 49 29 38 71 68 30 47 45 35 74 58 90 30 2790 0.10 0.14 0.06 0.16 0.04 
15 710 932 148 149 132 130 141 74 47 68 45 17 93 36 21 26 78 41 45 72 77 97 12 89 48 84 22 65 34 45 100 80 45 91 77 89 96 67 96 88 92 13 3940 0.11 0.12 0.05 0.11 0.11 
16 19 438 109 131 109 105 118 32 98 66 43 63 19 28 18 59 55 98 36 77 87 43 44 71 86 98 31 55 21 19 41 91 52 92 73 51 90 29 65 99 47 24 3300 0.16 0.05 0.02 0.13 0.18 
17 559 928 150 121 119 121 110 73 38 96 55 82 34 27 64 17 94 17 42 28 58 47 22 29 45 87 87 91 14 73 26 69 37 68 67 95 62 15 38 85 31 79 3380 0.01 0.09 0.19 0.14 0.15 
18 337 717 118 121 147 107 139 31 46 38 69 36 96 34 21 92 86 40 58 46 86 12 23 17 84 54 69 73 37 92 80 52 94 81 92 26 29 45 14 76 69 63 2550 0.10 0.10 0.05 0.12 0.17 
19 504 213 137 148 115 113 137 99 31 43 67 93 20 93 51 96 92 84 87 68 99 13 12 43 71 65 81 82 21 13 100 74 95 99 63 30 96 59 74 67 13 72 3960 0.18 0.17 0.12 0.13 0.02 
20 246 777 131 131 137 131 146 46 17 30 78 89 84 88 46 23 47 44 76 39 25 87 51 89 89 22 95 48 47 84 58 49 86 42 52 49 34 99 89 69 48 41 3620 0.02 0.18 0.03 0.17 0.14 
21 263 19 118 137 110 134 122 46 57 90 92 95 78 90 35 38 63 29 42 46 29 44 69 85 43 61 51 93 64 80 58 39 89 64 69 20 20 78 14 87 67 81 3140 0.06 0.10 0.01 0.18 0.16 
22 677 238 142 105 132 139 134 12 68 90 14 61 80 67 37 58 81 90 26 66 61 43 65 21 62 97 84 70 75 19 32 46 36 57 75 25 27 93 37 96 21 28 3360 0.01 0.19 0.16 0.04 0.08 
23 218 599 140 118 146 114 126 80 71 98 25 40 89 90 21 35 87 29 62 76 43 30 69 35 40 49 18 60 42 94 61 26 63 71 27 41 24 18 33 64 59 84 2790 0.10 0.14 0.16 0.07 0.08 
24 229 358 125 148 148 119 131 60 70 18 29 29 15 60 66 37 37 36 53 82 28 51 50 82 100 86 69 45 23 93 15 62 28 45 83 14 90 57 85 94 16 59 2610 0.14 0.04 0.19 0.05 0.16 
25 358 273 145 136 109 135 104 59 29 64 28 63 71 92 37 15 34 71 87 62 37 18 21 32 75 31 94 69 54 67 98 31 44 27 99 46 25 72 98 85 25 15 3800 0.15 0.11 0.17 0.04 0.10 
26 614 769 112 130 116 114 137 27 34 24 20 54 42 25 39 45 15 56 96 21 53 44 12 56 59 16 29 78 25 45 47 46 78 95 40 80 15 66 33 99 42 94 2355 0.15 0.13 0.09 0.19 0.10 
27 259 994 146 118 132 136 102 12 63 55 31 92 12 97 48 42 14 43 33 59 22 76 97 88 18 90 24 46 20 31 73 57 25 39 96 91 13 98 44 14 94 69 3160 0.13 0.18 0.18 0.11 0.15 
28 132 425 146 101 119 129 132 86 79 57 62 24 20 33 44 79 72 72 37 50 24 47 57 94 93 26 97 80 94 51 83 13 12 55 69 33 77 100 99 49 84 94 3500 0.09 0.00 0.04 0.14 0.04 
29 416 870 129 131 117 113 149 48 57 91 45 88 91 90 36 54 92 42 23 40 64 92 24 89 37 70 71 51 76 53 53 94 45 17 69 64 21 79 13 12 68 41 3440 0.16 0.06 0.02 0.14 0.00 
30 411 884 118 148 134 136 116 77 93 80 99 96 28 36 32 29 45 38 88 27 53 57 56 61 24 48 49 35 30 72 59 27 60 25 37 69 68 86 26 85 21 64 3020 0.11 0.13 0.12 0.04 0.02 
