50 5 3 7 9012
746 13
6270 6260 6065 6276 6300 3600 5550 5250 4150 2700 6000 5700 4000 4500 5600 5550 2950 6100 3750 6550 5400 3800 3800 6550 6800 4200 6150 3250 3750 5600 6350 3300 5800 2850 4550 6950 3950 5650 5150 5550 0.01 0.01 0.01 0.01 0.01 
1 25 751 109 104 106 108 138 67 84 41 26 56 85 97 18 87 45 93 84 18 82 51 48 34 83 28 75 67 28 28 67 79 12 99 33 44 25 45 89 61 93 79 3600 0.01 0.19 0.14 0.01 0.18 
2 358 623 133 147 119 139 150 34 30 19 60 86 86 39 52 17 15 12 91 34 45 69 85 27 23 64 84 92 95 17 73 49 16 58 40 77 11 50 63 48 79 27 2775 0.05 0.11 0.10 0.20 0.16 
3 129 382 109 137 141 125 128 73 11 49 56 93 77 13 50 13 66 59 95 95 36 96 50 94 74 28 83 21 88 48 31 37 93 19 60 71 99 73 25 37 75 23 2985 0.06 0.08 0.17 0.13 0.08 
4 673 64 105 132 132 107 121 73 56 40 17 66 92 94 22 30 57 82 42 74 53 46 67 28 72 42 56 62 94 85 58 15 63 39 27 84 56 94 11 100 49 65 3020 0.00 0.16 0.12 0.14 0.18 
5 713 176 134 112 110 109 105 32 67 18 39 28 79 32 88 36 27 27 14 65 62 20 63 21 21 27 83 41 37 54 88 33 58 31 100 49 17 18 29 48 39 82 3540 0.19 0.05 0.11 0.03 0.15 
6 175 902 129 116 106 123 136 65 96 95 48 36 85 74 34 59 36 17 58 67 55 74 73 63 64 55 88 42 90 24 80 54 68 66 32 61 27 32 49 63 95 27 2925 0.06 0.10 0.17 0.01 0.18 
7 164 419 138 150 144 133 101 54 21 39 93 53 95 45 36 50 85 53 72 69 14 90 52 12 47 30 49 13 55 27 56 15 18 13 89 76 28 16 80 74 50 97 2835 0.10 0.09 0.08 0.04 0.14 
8 374 912 134 110 133 101 112 24 13 91 25 16 77 69 32 73 53 87 61 65 62 32 41 65 33 89 26 22 81 85 46 49 98 13 20 15 100 87 20 38 55 55 2535 0.13 0.18 0.11 0.07 0.12 
9 552 135 127 105 114 107 103 48 68 91 25 41 35 95 71 95 74 73 14 85 39 71 11 93 78 55 14 56 63 47 27 73 30 23 75 42 27 81 34 51 75 11 3420 0.06 0.18 0.12 0.08 0.09 
10 393 498 116 117 118 117 129 94 20 80 97 27 45 21 23 83 45 36 19 11 29 81 53 90 17 15 62 37 59 22 50 46 23 44 71 53 12 65 31 47 76 46 3800 0.13 0.01 0.04 0.20 0.09 
11 267 726 121 148 110 117 110 56 80 73 70 68 12 80 13 25 54 46 47 22 50 76 71 46 51 68 57 61 54 41 41 70 59 15 38 46 62 36 14 26 15 96 2685 0.11 0.20 0.00 0.19 0.16 
12 286 306 112 146 111 140 143 62 38 17 18 50 16 23 98 83 53 12 72 19 48 44 13 11 48 60 80 28 57 44 72 74 59 59 22 49 28 79 88 85 54 82 3920 0.11 0.14 0.18 0.07 0.16 
13 428 265 148 106 110 134 139 44 36 97 76 53 57 32 28 57 96 77 69 68 25 98 64 71 51 97 53 76 88 35 23 71 68 11 17 36 65 39 78 21 22 77 2985 0.02 0.18 0.09 0.17 0.15 
14 643 643 113 123 125 114 144 96 92 93 100 29 74 50 49 72 73 49 78 36 75 64 14 15 75 81 43 95 99 83 58 41 19 46 89 89 81 66 18 16 15 22 3720 0.00 0.15 0.08 0.14 0.15 
15 933 618 148 111 109 131 135 14 61 26 98 55 30 59 39 51 98 37 39 11 25 28 32 77 84 44 82 59 36 26 88 54 76 21 90 71 15 91 78 87 49 15 3820 0.12 0.12 0.01 0.19 0.17 
16 747 643 145 114 121 123 125 78 27 44 60 38 23 85 62 91 80 72 80 73 95 63 72 32 63 38 47 13 49 44 16 66 84 49 15 28 100 72 17 22 57 73 3180 0.18 0.09 0.06 0.04 0.03 
17 428 388 138 110 149 139 147 45 52 51 81 55 93 29 98 85 33 99 51 46 78 69 84 24 25 56 100 75 96 52 87 100 65 76 23 28 25 41 72 17 21 21 3940 0.02 0.17 0.08 0.11 0.16 
18 451 932 144 119 123 150 111 74 76 46 73 50 56 31 42 30 18 18 95 68 35 60 58 78 70 30 96 79 22 75 55 15 35 54 95 81 40 85 30 47 15 35 3520 0.16 0.02 0.14 0.15 0.02 
19 295 928 136 109 108 144 145 80 42 62 37 20 77 48 83 14 33 36 98 82 68 28 50 35 32 74 65 70 64 11 28 49 13 52 81 83 95 70 54 33 17 51 2580 0.03 0.11 0.03 0.09 0.19 
20 32 347 101 111 138 141 109 44 70 35 60 39 92 24 71 24 94 22 95 89 56 59 61 73 27 12 77 89 31 19 56 81 28 42 41 11 65 72 39 56 47 81 3620 0.14 0.07 0.03 0.01 0.16 
21 644 371 110 127 113 115 142 81 51 21 19 91 99 40 54 72 27 85 12 39 47 62 37 74 99 18 52 59 94 27 57 91 73 81 48 32 21 23 74 19 14 73 2925 0.06 0.16 0.16 0.11 0.12 
22 196 440 149 138 114 145 129 30 53 41 34 63 73 27 30 69 13 100 68 17 83 81 57 86 85 81 100 21 98 49 76 94 43 30 65 34 95 48 86 30 26 64 3680 0.03 0.02 0.16 0.14 0.11 
23 67 447 144 141 117 101 138 28 13 33 27 23 68 24 44 18 56 25 34 32 49 69 34 100 84 50 100 29 99 32 53 43 12 19 33 73 18 98 47 75 73 60 3240 0.08 0.19 0.08 0.18 0.12 
24 10 617 143 130 107 113 118 59 93 19 58 22 76 56 80 51 96 50 73 76 22 35 58 17 98 18 76 39 60 56 25 44 15 34 52 27 22 72 90 49 28 84 2550 0.14 0.16 0.12 0.04 0.12 
25 644 78 126 125 125 140 140 40 90 57 15 28 45 27 59 60 40 45 63 93 23 64 12 23 43 85 93 62 59 16 82 51 91 22 38 11 46 86 81 80 12 16 2880 0.17 0.04 0.02 0.17 0.15 
26 160 807 150 113 140 146 150 25 99 83 17 23 59 27 41 67 70 14 56 51 67 88 47 84 90 14 36 13 59 78 13 57 80 17 17 67 90 62 41 100 40 20 2835 0.13 0.01 0.19 0.15 0.12 
27 325 217 123 123 135 139 148 54 20 63 79 74 24 90 26 46 82 84 52 37 51 50 43 93 42 15 84 90 79 55 78 78 25 98 37 69 89 47 42 13 36 44 3260 0.03 0.02 0.16 0.03 0.17 
28 263 237 132 104 106 120 119 73 47 12 19 36 99 87 76 27 57 73 53 25 41 61 34 96 87 67 75 71 38 97 100 55 78 67 53 13 16 20 90 14 97 31 2745 0.07 0.03 0.00 0.07 0.04 
29 494 873 129 135 131 131 130 67 52 47 42 22 42 31 93 76 86 59 80 87 23 97 12 89 55 33 29 67 32 83 14 26 55 69 96 20 94 52 83 35 35 53 3440 0.16 0.11 0.11 0.19 0.18 
30 133 440 121 122 117 117 113 65 79 88 84 97 49 15 14 82 85 72 77 96 81 99 25 57 33 68 88 46 25 76 33 27 53 19 83 87 70 52 83 18 56 24 3200 0.10 0.10 0.08 0.10 0.12 
31 134 829 119 141 115 137 143 58 38 20 45 74 66 21 51 38 53 59 72 22 46 63 80 11 71 55 73 60 69 39 21 44 78 64 86 54 95 31 27 61 94 27 3460 0.07 0.03 0.17 0.05 0.11 
32 728 232 105 132 113 102 112 84 65 94 19 76 60 77 71 72 44 86 58 83 39 13 55 64 96 34 26 40 89 83 35 96 67 81 45 46 91 72 21 50 48 77 2400 0.09 0.01 0.06 0.18 0.19 
33 844 86 109 133 116 125 110 86 67 78 63 96 32 51 56 99 97 36 43 98 33 70 96 35 69 72 96 78 53 96 50 91 28 59 45 25 22 79 20 43 30 50 3560 0.07 0.05 0.19 0.15 0.15 
34 312 483 140 146 116 139 131 69 33 78 64 63 74 69 75 59 89 33 55 15 99 84 71 60 13 20 99 82 87 93 51 46 89 67 52 51 82 35 13 17 93 75 2745 0.06 0.01 0.03 0.13 0.16 
35 774 393 122 103 134 150 129 85 67 96 83 48 13 69 53 67 43 19 70 51 21 75 76 19 29 50 52 83 17 91 83 32 26 47 18 13 13 44 50 15 13 94 3820 0.03 0.02 0.05 0.07 0.05 
36 863 928 108 135 126 123 108 63 83 65 66 28 29 72 63 94 34 100 63 33 64 29 66 69 31 59 39 13 17 54 73 95 98 37 21 72 75 78 89 55 12 58 2355 0.14 0.11 0.13 0.18 0.00 
37 139 424 133 130 116 141 113 93 66 97 83 30 94 89 67 45 33 55 55 97 78 36 66 74 37 24 43 45 63 53 73 85 77 56 33 73 82 13 92 37 53 27 2820 0.16 0.11 0.16 0.02 0.19 
38 827 77 108 135 137 103 128 87 59 70 29 93 77 82 50 28 74 57 12 57 30 21 73 72 64 89 26 51 77 44 33 16 57 55 62 65 31 23 57 59 56 54 3260 0.01 0.03 0.08 0.16 0.09 
39 204 775 129 144 105 141 150 42 23 49 20 25 37 86 22 91 15 66 52 99 30 21 38 83 67 44 42 91 48 27 62 35 50 21 85 34 33 90 48 59 38 58 3760 0.09 0.12 0.12 0.06 0.16 
40 434 360 112 147 144 111 105 37 13 91 69 55 65 16 78 41 73 50 25 53 73 95 73 57 32 30 79 11 65 70 17 85 25 91 42 55 32 71 100 48 77 33 2685 0.16 0.05 0.08 0.10 0.05 
41 195 819 120 142 150 134 127 89 38 42 29 39 37 46 44 30 36 86 61 39 93 99 92 29 37 76 95 57 20 91 30 60 33 75 72 12 14 92 92 92 37 52 2490 0.02 0.04 0.05 0.08 0.17 
42 229 22 141 131 106 135 135 29 54 45 75 11 66 85 85 44 24 59 16 49 23 40 14 62 29 17 11 36 35 94 64 51 94 29 20 73 16 49 35 71 85 25 3820 0.07 0.16 0.15 0.14 0.10 
43 873 696 132 117 135 103 121 83 100 12 83 87 47 69 100 19 36 81 80 62 15 62 39 17 99 53 24 41 79 40 84 18 99 13 50 64 13 26 51 49 84 82 2325 0.07 0.07 0.01 0.16 0.11 
44 350 218 103 137 111 132 131 91 42 41 14 34 35 44 19 13 61 73 15 93 37 70 39 18 16 20 70 60 12 97 22 100 29 55 36 48 66 37 71 53 71 85 2925 0.05 0.15 0.11 0.17 0.05 
45 598 778 104 110 102 112 109 15 26 21 74 37 51 37 24 36 14 69 23 75 68 12 91 82 34 75 94 58 79 49 61 51 46 71 52 49 24 37 75 26 63 98 4000 0.10 0.00 0.05 0.03 0.08 
46 448 974 150 119 136 140 120 87 62 95 80 72 66 20 78 23 17 11 26 18 49 44 23 54 58 73 44 97 93 20 63 33 24 54 91 67 85 42 38 13 51 99 2775 0.15 0.12 0.17 0.04 0.04 
47 85 633 117 133 126 106 112 35 78 27 69 36 14 23 28 45 21 33 87 20 90 13 79 35 54 40 67 30 46 60 32 78 41 90 32 30 100 34 55 13 98 52 3680 0.08 0.07 0.08 0.01 0.11 
48 609 318 111 119 101 134 117 89 41 63 55 60 21 52 42 29 64 83 50 29 12 14 57 13 11 98 85 94 89 35 43 44 36 30 29 60 44 30 72 54 72 94 2700 0.13 0.14 0.19 0.04 0.03 
49 296 482 111 113 118 117 128 43 92 88 27 85 60 67 54 100 97 74 80 72 85 92 56 28 63 12 64 14 45 43 85 27 35 76 17 68 94 83 14 15 49 75 2850 0.09 0.05 0.19 0.13 0.17 
50 225 61 129 108 126 122 113 33 61 76 87 65 34 31 70 47 83 97 53 11 64 83 68 12 83 42 59 44 42 37 71 47 80 18 21 30 87 50 46 72 70 57 2970 0.09 0.04 0.07 0.18 0.16 
