30 5 5 5 3358
996 206
3716 3762 3668 3828 3742 3120 1740 3450 3030 2220 3960 2580 3150 3450 3120 2730 3210 3750 1800 2010 2700 2070 2520 2130 3540 3480 2250 4080 3720 3030 0.01 0.01 0.01 0.01 0.01 
1 809 73 149 126 101 135 119 24 51 79 64 13 83 72 61 76 77 40 100 39 39 50 60 75 96 23 55 19 56 67 94 59 3540 0.03 0.18 0.14 0.06 0.12 
2 763 641 109 137 106 138 142 87 97 80 45 36 73 27 80 65 76 60 88 61 67 59 33 52 65 23 40 54 96 23 86 70 3040 0.19 0.02 0.02 0.11 0.01 
3 946 14 137 138 134 102 149 93 40 19 99 90 22 56 55 79 40 95 52 87 83 95 57 43 65 91 46 30 28 24 85 41 3160 0.06 0.10 0.18 0.00 0.04 
4 481 359 137 138 150 146 148 91 36 54 48 30 86 64 14 29 21 45 11 43 16 82 29 67 91 70 46 88 72 21 57 56 3460 0.06 0.02 0.10 0.04 0.10 
5 789 40 102 131 150 115 143 87 100 62 84 44 26 12 95 38 82 28 51 59 93 38 13 46 38 32 68 76 95 32 12 79 2745 0.03 0.10 0.11 0.01 0.09 
6 5 31 103 118 140 129 102 21 67 43 34 84 82 38 73 63 93 52 24 76 39 52 60 15 100 62 57 26 22 41 76 38 3360 0.14 0.11 0.13 0.10 0.03 
7 909 942 139 136 105 104 124 37 29 16 44 70 71 98 32 93 19 92 71 44 70 48 62 75 44 46 63 34 44 28 19 98 3640 0.03 0.09 0.05 0.18 0.09 
8 105 918 113 117 123 136 136 39 82 91 27 36 22 57 23 29 19 62 54 49 57 39 75 99 42 20 31 73 57 85 57 26 2565 0.16 0.01 0.15 0.18 0.12 
9 112 115 134 113 101 103 132 68 24 59 17 76 55 84 54 89 20 83 29 73 48 53 84 100 97 71 52 78 85 87 72 41 3660 0.12 0.10 0.10 0.10 0.07 
10 485 750 136 122 138 149 129 92 23 78 96 95 30 94 11 11 77 59 48 13 23 77 99 11 80 80 75 37 97 57 21 97 2355 0.01 0.17 0.08 0.10 0.12 
11 411 83 149 107 130 116 149 51 28 20 12 76 15 88 47 54 48 33 79 21 23 16 69 26 66 49 94 42 49 52 29 52 3020 0.04 0.02 0.12 0.02 0.13 
12 317 558 109 114 118 102 110 77 65 61 75 49 48 61 96 69 82 34 30 29 92 61 95 41 19 25 54 62 75 69 36 15 2685 0.13 0.19 0.12 0.05 0.14 
13 45 53 101 106 134 144 102 47 36 90 20 22 38 13 84 57 59 65 73 29 79 86 47 21 60 79 21 74 19 74 32 59 2550 0.19 0.19 0.10 0.09 0.07 
14 44 627 126 141 131 148 111 34 12 52 100 29 80 97 61 73 95 84 73 81 37 99 63 30 62 94 59 22 39 74 52 79 2955 0.11 0.04 0.06 0.18 0.13 
15 810 844 107 124 102 127 138 89 30 53 21 13 54 92 75 56 54 17 99 14 77 20 12 23 73 82 72 63 72 14 25 99 2760 0.17 0.00 0.07 0.09 0.03 
16 447 460 148 122 116 121 130 79 96 78 35 65 38 41 99 70 42 94 23 45 82 37 85 51 14 44 37 61 64 50 94 68 2820 0.02 0.04 0.14 0.06 0.08 
17 601 605 136 105 145 130 130 82 29 72 55 22 89 93 73 56 39 60 73 11 12 85 51 78 32 92 95 38 51 90 39 86 2415 0.05 0.18 0.04 0.19 0.02 
18 133 865 149 110 138 131 128 62 18 25 37 29 89 30 33 53 32 37 23 56 56 12 98 40 43 47 61 28 15 34 21 94 3340 0.19 0.15 0.03 0.09 0.16 
19 81 523 141 134 102 134 113 43 37 89 94 63 49 70 12 96 67 38 65 16 88 83 74 93 65 21 51 27 75 29 51 47 2520 0.07 0.02 0.05 0.04 0.19 
20 839 515 117 134 121 128 105 59 67 41 14 56 19 96 39 80 69 97 79 34 30 95 11 97 97 13 14 55 99 61 59 56 3840 0.05 0.06 0.01 0.16 0.07 
21 656 417 114 128 131 143 116 99 72 74 44 30 30 11 60 80 11 38 13 21 65 57 78 67 78 62 89 26 64 64 36 34 2715 0.06 0.18 0.14 0.12 0.07 
22 53 406 103 108 122 121 149 28 78 99 35 16 97 32 72 67 61 96 74 78 39 90 54 25 27 61 56 39 21 81 88 80 2640 0.15 0.17 0.12 0.11 0.13 
23 781 162 111 147 104 106 106 83 23 58 73 18 50 98 20 43 52 60 64 94 60 93 92 42 45 71 79 27 24 53 92 36 3160 0.05 0.01 0.03 0.09 0.13 
24 408 299 130 135 109 146 130 89 76 66 37 35 30 47 74 86 38 30 60 84 37 38 79 29 46 25 69 72 65 47 89 82 2310 0.15 0.10 0.14 0.13 0.04 
25 620 811 109 127 102 127 128 23 26 30 80 45 25 34 17 73 12 71 78 55 76 12 74 90 15 54 93 61 24 48 92 63 3880 0.08 0.19 0.14 0.04 0.13 
26 410 460 113 116 123 115 135 11 55 76 88 77 94 52 54 65 78 70 31 50 58 81 95 34 78 34 17 26 71 73 15 66 3960 0.00 0.06 0.19 0.06 0.14 
27 612 526 118 134 135 149 116 11 77 18 96 98 98 56 70 60 12 89 36 62 93 13 65 69 12 19 47 70 89 86 97 46 2985 0.00 0.10 0.00 0.04 0.04 
28 371 483 107 150 107 132 110 56 65 80 11 53 24 46 70 98 62 99 71 36 80 92 65 50 74 100 38 73 86 28 96 72 2430 0.19 0.06 0.07 0.03 0.13 
29 633 939 127 129 134 145 107 41 52 35 31 12 18 81 100 46 45 20 96 39 43 69 60 64 47 82 38 67 43 93 95 52 2550 0.05 0.08 0.19 0.08 0.05 
30 397 170 142 115 116 106 105 25 70 14 25 41 15 73 30 29 85 27 66 34 42 84 34 41 70 70 60 57 66 30 98 43 2655 0.02 0.16 0.05 0.11 0.17 
