30 5 3 7 5554
798 126
3734 3794 3754 3783 3703 3990 2460 1980 2790 1710 2040 2790 4110 3270 2970 2940 2580 2460 3930 3870 1530 3240 3060 3630 3600 4020 2040 3870 2520 2100 2670 2940 4110 3840 2160 1890 3600 3090 3900 2160 0.01 0.01 0.01 0.01 0.01 
1 487 613 148 114 105 135 121 31 26 61 35 45 47 12 25 46 43 48 43 73 40 76 74 90 43 47 69 45 90 76 91 87 13 45 28 61 78 19 95 76 72 24 3340 0.06 0.12 0.09 0.16 0.10 
2 243 727 124 120 103 125 116 86 13 90 16 47 66 57 19 43 76 53 60 22 65 30 22 27 91 35 69 60 58 22 75 38 18 82 81 84 32 22 82 88 69 55 3620 0.11 0.10 0.05 0.18 0.01 
3 973 589 117 128 105 131 105 80 65 62 49 76 56 96 30 86 56 12 66 62 85 74 29 37 42 73 84 94 83 68 99 99 31 73 36 37 50 49 64 95 96 12 3620 0.01 0.13 0.13 0.19 0.08 
4 102 735 128 106 113 121 113 74 75 15 57 31 21 91 19 90 19 81 77 71 69 71 32 21 66 34 87 99 64 59 51 77 96 85 19 21 23 39 93 85 29 81 3000 0.12 0.15 0.18 0.15 0.07 
5 941 48 138 146 138 102 102 86 98 49 72 58 43 87 83 64 25 29 72 45 92 73 84 30 54 26 22 23 47 21 90 41 35 32 56 82 56 44 39 88 30 59 2775 0.08 0.01 0.14 0.19 0.13 
6 680 790 102 118 119 126 135 84 85 17 58 60 34 94 76 86 18 97 41 80 78 23 69 35 94 27 19 39 21 58 58 66 61 52 56 88 24 53 47 100 99 31 3480 0.16 0.01 0.04 0.12 0.08 
7 981 350 142 119 133 145 131 11 75 99 19 65 49 81 97 98 34 100 15 30 87 72 86 28 70 16 92 16 24 82 50 24 95 30 96 56 94 65 20 43 97 84 2760 0.05 0.14 0.09 0.09 0.17 
8 510 61 119 117 150 122 122 96 81 66 87 48 99 100 48 76 24 29 71 70 75 87 46 59 83 81 49 39 38 89 37 65 15 48 26 81 43 48 28 93 99 99 3880 0.09 0.16 0.20 0.01 0.16 
9 463 7 122 126 142 106 106 33 26 63 71 54 12 60 90 76 98 90 91 59 32 58 11 78 56 99 70 82 80 40 67 26 14 47 59 24 73 58 67 74 17 60 2880 0.18 0.17 0.08 0.01 0.01 
10 799 482 132 137 113 126 143 49 32 87 18 13 58 49 76 26 97 75 75 32 88 79 17 73 47 66 50 80 16 66 41 93 37 55 80 76 66 45 40 76 84 33 2715 0.11 0.13 0.20 0.00 0.06 
11 523 848 145 141 149 125 118 96 78 88 97 57 62 12 93 94 11 99 73 38 36 35 27 66 70 49 68 30 97 55 30 23 40 99 45 38 32 31 84 46 84 20 2655 0.00 0.12 0.14 0.09 0.14 
12 431 679 109 145 150 141 105 56 93 77 76 23 57 34 76 46 58 74 42 44 11 26 46 60 99 56 87 37 74 75 79 48 66 65 76 19 14 48 83 60 71 63 3720 0.11 0.00 0.15 0.09 0.01 
13 39 41 133 104 127 142 140 73 42 27 60 68 96 85 74 33 60 90 98 70 99 70 43 75 40 96 100 98 21 96 34 33 19 15 42 47 20 93 66 15 77 60 2685 0.13 0.15 0.07 0.09 0.04 
14 270 658 144 106 127 135 114 48 39 17 47 88 36 20 59 94 92 63 35 73 61 65 27 100 94 38 39 92 20 12 77 89 75 38 63 28 31 73 16 56 82 89 3100 0.11 0.07 0.15 0.04 0.09 
15 638 712 111 150 132 115 144 55 24 47 46 68 83 17 21 58 58 100 20 32 27 94 32 48 76 20 13 12 31 63 18 24 70 90 32 66 68 22 33 12 28 15 3900 0.05 0.09 0.19 0.11 0.08 
16 934 463 131 124 121 134 114 75 66 45 39 67 48 22 55 35 51 96 56 27 61 38 83 77 17 50 51 44 23 41 46 64 68 36 37 91 71 33 19 18 44 90 3160 0.08 0.07 0.14 0.11 0.06 
17 936 726 147 145 116 150 111 27 13 53 29 46 16 41 13 57 96 38 83 90 28 74 88 22 69 77 35 88 95 62 23 64 12 19 30 22 34 98 19 39 90 47 2790 0.00 0.19 0.11 0.19 0.20 
18 89 60 127 124 116 143 128 95 77 63 81 64 31 76 43 91 78 14 20 19 25 16 85 34 58 32 65 93 84 73 99 83 56 17 69 83 83 83 98 13 20 74 3820 0.15 0.08 0.10 0.08 0.05 
19 412 721 103 109 115 117 131 91 37 82 17 29 59 52 57 86 99 25 16 11 59 45 56 53 55 30 50 17 12 78 96 40 45 75 91 63 34 93 44 83 96 86 3040 0.10 0.17 0.07 0.15 0.08 
20 540 258 122 130 149 143 139 80 49 53 81 55 37 45 84 74 28 21 64 14 73 58 16 32 54 54 22 87 79 35 87 43 62 81 66 29 18 73 35 96 17 18 3460 0.05 0.15 0.11 0.12 0.16 
21 314 588 116 126 119 118 113 28 16 72 40 92 61 18 99 12 39 41 67 83 21 56 45 31 24 52 100 56 88 14 30 11 100 82 30 87 91 19 78 13 78 55 3800 0.01 0.06 0.09 0.08 0.09 
22 965 373 131 137 110 134 101 54 11 13 15 18 41 93 22 55 73 93 74 90 79 60 18 81 37 25 44 68 88 66 39 15 89 64 65 64 67 99 71 60 53 44 3540 0.07 0.05 0.10 0.01 0.14 
23 881 757 127 139 108 133 143 29 94 78 24 62 89 64 27 68 67 42 32 60 95 20 28 100 62 23 70 21 47 43 36 93 43 41 56 86 85 37 47 35 90 63 2835 0.08 0.09 0.16 0.06 0.05 
24 175 621 120 122 145 111 102 79 64 82 11 36 99 47 34 39 62 26 46 74 64 62 100 16 13 25 19 21 15 51 35 95 82 89 65 14 46 61 39 97 97 58 2820 0.19 0.18 0.05 0.20 0.01 
25 627 779 101 122 105 104 148 72 98 36 42 71 31 46 17 41 92 95 57 14 98 64 36 88 23 45 70 62 29 46 49 41 12 44 14 93 40 67 63 22 13 35 2925 0.05 0.13 0.15 0.18 0.05 
26 727 981 148 117 125 118 122 82 72 56 13 33 61 83 99 75 70 94 78 95 86 61 11 28 25 35 98 19 72 21 99 95 15 96 16 29 62 12 51 22 84 70 2520 0.08 0.17 0.17 0.05 0.07 
27 703 996 115 144 138 115 114 21 22 89 70 83 53 41 51 88 59 98 93 58 26 59 28 27 94 88 88 13 52 90 25 16 83 74 17 47 57 25 81 62 17 36 3480 0.16 0.17 0.06 0.10 0.14 
28 625 119 109 122 132 115 140 71 98 96 58 100 35 62 11 67 33 74 35 78 21 54 91 95 60 78 58 16 71 54 17 100 45 20 18 17 65 25 69 89 38 19 3480 0.06 0.09 0.18 0.04 0.08 
29 272 197 105 109 148 147 134 17 87 17 65 92 30 87 36 86 42 46 55 98 14 74 34 60 11 43 49 56 25 36 58 12 100 85 41 71 47 33 25 67 19 59 3540 0.02 0.05 0.16 0.13 0.17 
30 131 646 118 147 101 104 148 31 76 72 31 31 59 97 68 98 18 14 38 76 75 98 89 55 68 99 60 76 11 39 52 55 62 26 84 91 18 26 74 28 22 81 4000 0.14 0.13 0.01 0.08 0.08 
