100 1 1 7 11110
563 160
12499 9400 12900 10000 13500 5900 10500 7600 0.01 
1 896 3 118 51 41 96 63 45 95 80 489 0.13 
2 400 34 123 91 85 47 22 84 100 43 752 0.04 
3 479 492 120 44 14 65 47 23 16 78 800 0.17 
4 798 608 111 28 60 61 35 45 52 71 780 0.17 
5 437 45 147 60 97 78 62 93 73 65 567 0.16 
6 354 270 126 96 73 61 95 45 79 16 525 0.18 
7 409 801 143 75 78 63 83 36 74 41 555 0.04 
8 683 460 116 98 28 17 45 64 12 70 672 0.06 
9 811 205 101 70 66 21 56 48 47 34 576 0.06 
10 864 919 118 61 97 12 12 90 99 29 744 0.08 
11 876 780 101 69 68 77 84 81 47 11 486 0.17 
12 489 428 136 19 88 36 82 63 48 40 507 0.08 
13 797 517 131 20 63 50 36 34 70 55 558 0.11 
14 57 426 126 52 16 67 29 68 37 68 672 0.17 
15 581 714 139 94 28 21 75 18 82 89 531 0.07 
16 372 354 101 98 48 35 65 25 76 71 704 0.15 
17 346 132 123 77 94 90 76 91 83 55 537 0.13 
18 56 720 129 13 19 63 64 45 60 12 740 0.18 
19 254 174 110 52 36 27 65 71 55 20 640 0.05 
20 499 493 126 12 89 21 98 73 23 69 597 0.05 
21 366 95 108 61 69 30 59 79 71 85 471 0.10 
22 56 366 116 84 20 59 58 34 60 98 756 0.12 
23 440 973 104 47 42 94 38 65 16 58 585 0.06 
24 535 970 130 93 55 47 51 72 30 60 716 0.11 
25 273 171 129 49 58 49 78 66 47 71 588 0.02 
26 410 78 131 81 20 37 81 55 29 87 796 0.02 
27 709 121 115 11 64 31 89 94 31 98 474 0.17 
28 329 558 134 67 16 38 12 37 70 21 456 0.10 
29 708 868 117 65 59 41 45 87 42 60 480 0.17 
30 52 472 111 87 41 92 16 52 20 22 764 0.09 
31 787 995 150 63 99 59 64 67 23 22 676 0.12 
32 860 145 134 72 72 55 50 33 93 80 672 0.19 
33 88 213 143 95 71 38 77 85 52 37 504 0.08 
34 927 250 112 25 39 56 82 56 27 16 672 0.16 
35 624 816 117 14 43 35 36 18 81 58 597 0.10 
36 618 844 110 68 51 96 98 55 20 36 656 0.11 
37 790 404 144 96 86 11 55 88 66 49 573 0.09 
38 518 875 106 62 95 67 58 31 34 98 608 0.10 
39 425 57 109 41 52 96 51 99 91 36 594 0.00 
40 819 389 117 16 54 91 16 21 14 62 483 0.09 
41 787 755 106 46 76 99 54 41 91 58 644 0.13 
42 746 916 111 37 92 31 73 39 88 78 784 0.03 
43 305 41 121 58 51 79 68 63 24 43 477 0.11 
44 808 813 120 82 83 51 100 50 78 53 728 0.17 
45 849 993 115 65 29 60 71 45 17 22 704 0.19 
46 873 78 110 68 16 37 96 27 71 40 728 0.07 
47 255 913 112 98 17 58 76 31 22 94 620 0.10 
48 926 449 113 88 81 13 17 14 71 23 534 0.13 
49 427 940 126 84 36 16 19 37 65 26 612 0.02 
50 157 537 134 54 38 90 99 91 77 79 784 0.03 
51 518 849 127 43 100 50 89 20 85 77 552 0.03 
52 889 245 127 86 68 19 33 58 62 60 576 0.08 
53 630 478 145 21 86 21 30 73 53 29 692 0.16 
54 120 886 113 14 85 22 74 85 59 41 604 0.07 
55 972 184 142 28 43 24 70 90 34 17 525 0.02 
56 954 123 146 58 75 26 79 93 29 25 549 0.13 
57 595 981 134 56 35 60 48 21 39 42 474 0.13 
58 500 81 126 23 97 47 97 11 57 71 591 0.02 
59 831 725 144 89 100 17 35 15 63 59 510 0.20 
60 558 322 134 52 62 24 17 96 88 65 708 0.12 
61 841 868 114 88 84 39 89 77 79 50 616 0.02 
62 707 921 146 97 45 22 38 50 25 52 552 0.20 
63 97 735 136 11 13 42 70 46 29 53 477 0.05 
64 811 451 143 18 23 23 31 81 20 65 537 0.17 
65 99 994 125 90 100 46 90 92 47 92 468 0.15 
66 734 767 150 72 52 29 41 68 88 54 752 0.10 
67 140 7 109 12 91 47 13 34 88 13 628 0.19 
68 520 250 105 72 71 42 81 85 65 33 752 0.05 
69 0 352 124 74 86 34 98 26 35 50 561 0.04 
70 507 254 107 40 84 98 22 23 31 82 492 0.09 
71 71 227 136 28 89 49 80 71 22 28 513 0.11 
72 945 632 135 69 44 70 59 36 61 95 576 0.04 
73 609 5 138 31 86 46 68 30 63 18 692 0.15 
74 197 710 122 63 54 65 34 23 33 29 492 0.19 
75 935 888 126 66 96 58 33 71 40 18 716 0.08 
76 267 673 127 24 96 50 35 81 64 78 632 0.05 
77 446 715 144 25 74 28 14 65 45 99 594 0.04 
78 864 486 128 24 78 18 42 87 31 89 468 0.10 
79 817 160 129 90 37 98 58 60 74 31 561 0.13 
80 81 232 103 92 58 38 81 46 51 58 728 0.07 
81 552 423 106 42 90 34 27 69 23 15 768 0.17 
82 758 983 118 68 89 78 95 61 70 15 768 0.10 
83 561 552 122 34 55 78 56 37 20 97 474 0.19 
84 721 112 129 18 17 74 60 22 41 11 504 0.08 
85 811 235 135 21 93 53 32 46 38 38 772 0.11 
86 422 495 103 85 58 62 76 40 69 44 483 0.08 
87 957 638 101 83 55 67 36 17 78 28 573 0.16 
88 673 947 141 83 13 87 24 78 71 72 567 0.14 
89 0 340 134 54 11 23 86 58 57 92 546 0.07 
90 83 694 141 13 75 71 52 25 16 55 604 0.12 
91 640 329 148 84 67 48 77 84 91 39 712 0.15 
92 831 589 136 47 41 14 97 64 17 71 564 0.10 
93 212 694 141 72 86 33 75 22 68 93 616 0.00 
94 905 882 143 90 58 50 70 19 86 63 616 0.15 
95 175 143 136 90 13 54 54 12 77 91 612 0.16 
96 979 733 129 48 33 36 20 18 25 30 624 0.16 
97 50 477 103 38 37 96 56 90 86 58 543 0.04 
98 719 359 112 73 44 100 68 17 99 91 684 0.13 
99 577 405 140 15 41 24 65 95 14 91 716 0.03 
100 177 430 146 27 78 96 97 35 69 92 664 0.15 
