100 5 5 3 11364
138 314
12628 12415 12686 12441 12699 5300 7000 13800 7200 5500 13600 7700 6600 9800 10800 12200 5500 9800 9400 11600 0.01 0.01 0.01 0.01 0.01 
1 71 545 108 102 142 126 137 69 23 22 95 76 30 95 30 32 40 71 21 94 21 21 2475 0.01 0.09 0.13 0.11 0.12 
2 807 399 136 118 122 107 138 21 99 96 20 64 42 83 94 42 77 35 41 46 69 93 2985 0.18 0.09 0.19 0.07 0.02 
3 872 551 148 113 104 114 119 80 85 83 80 68 49 99 86 77 79 79 31 71 29 49 3820 0.09 0.15 0.17 0.18 0.14 
4 153 338 130 113 134 120 138 16 24 41 96 18 69 19 64 24 40 67 35 87 38 41 2670 0.02 0.12 0.10 0.17 0.09 
5 357 642 102 115 128 111 142 78 55 34 86 75 49 43 12 63 25 19 88 95 57 30 2685 0.10 0.03 0.20 0.02 0.13 
6 419 212 139 107 145 105 135 14 28 72 13 63 96 64 12 72 27 29 41 68 73 29 3040 0.17 0.16 0.07 0.20 0.15 
7 338 525 107 110 103 129 112 17 74 46 46 56 89 51 66 23 89 39 69 69 55 37 2775 0.18 0.12 0.18 0.13 0.19 
8 868 940 116 136 136 133 126 92 43 14 40 90 11 79 60 88 35 40 84 60 52 32 2370 0.08 0.16 0.16 0.00 0.14 
9 344 105 101 119 123 136 139 97 34 95 38 60 30 22 15 57 55 52 57 35 72 96 2925 0.04 0.02 0.19 0.00 0.18 
10 435 685 127 145 140 115 110 32 58 54 14 44 96 63 75 36 31 20 74 29 19 21 2340 0.10 0.20 0.14 0.11 0.19 
11 730 378 150 101 125 116 128 11 63 27 16 86 75 81 89 63 24 44 38 17 62 14 2880 0.14 0.18 0.03 0.14 0.12 
12 384 419 148 132 106 143 129 46 98 82 77 53 65 28 65 42 79 49 82 76 29 29 3040 0.08 0.01 0.17 0.06 0.04 
13 356 204 112 101 114 121 137 13 96 97 77 94 38 20 89 98 83 66 53 99 27 58 3340 0.15 0.05 0.10 0.16 0.02 
14 297 183 126 130 138 149 135 21 78 39 75 90 44 80 25 92 74 65 50 69 32 89 2685 0.18 0.05 0.09 0.03 0.15 
15 685 96 106 116 141 109 135 87 14 94 94 62 52 57 72 25 25 82 97 84 87 100 3720 0.11 0.06 0.09 0.16 0.15 
16 455 494 109 138 135 115 149 75 49 15 95 31 72 72 17 64 31 87 19 83 50 48 3580 0.10 0.09 0.14 0.15 0.18 
17 343 677 143 109 147 127 104 42 64 99 69 77 89 11 96 60 59 17 90 25 54 79 3860 0.15 0.08 0.02 0.04 0.02 
18 914 560 143 147 146 119 130 40 70 69 69 11 61 89 11 97 23 66 57 55 53 43 2730 0.07 0.11 0.08 0.15 0.13 
19 510 524 144 135 150 116 130 75 62 42 83 87 64 47 23 86 71 31 22 77 40 42 2760 0.13 0.04 0.12 0.04 0.12 
20 278 627 106 121 144 102 120 94 13 11 45 97 90 22 34 29 19 28 95 91 82 68 2910 0.07 0.02 0.03 0.11 0.14 
21 323 65 122 112 131 148 129 20 76 12 76 19 56 98 38 46 19 69 92 25 83 79 3440 0.03 0.00 0.08 0.05 0.03 
22 610 406 119 142 104 113 129 54 73 55 74 29 56 36 80 79 25 62 72 15 21 60 3580 0.12 0.09 0.19 0.12 0.17 
23 517 457 141 133 116 141 147 68 79 62 85 80 66 87 48 39 78 54 80 77 25 95 2310 0.13 0.12 0.11 0.01 0.11 
24 907 148 133 138 104 103 136 15 94 98 17 90 68 55 32 35 60 90 84 70 36 79 3620 0.02 0.18 0.17 0.14 0.09 
25 373 156 114 107 130 134 128 59 97 93 56 38 21 57 58 14 82 57 90 92 54 55 3100 0.04 0.16 0.12 0.02 0.13 
26 561 90 133 115 120 127 137 75 12 97 56 100 41 72 37 53 40 83 63 72 86 40 2700 0.20 0.08 0.13 0.16 0.00 
27 751 32 126 127 146 115 108 15 70 57 66 80 24 20 58 89 11 18 76 32 24 16 3100 0.16 0.10 0.07 0.03 0.02 
28 761 852 131 140 138 140 127 90 53 38 99 95 76 18 93 49 81 47 80 74 24 33 3820 0.00 0.17 0.16 0.10 0.04 
29 198 888 126 150 114 122 150 54 16 24 43 35 56 62 86 97 86 76 86 17 87 95 2850 0.03 0.13 0.07 0.00 0.09 
30 185 659 132 113 142 139 136 36 23 12 37 59 36 67 25 74 74 80 37 27 21 56 2925 0.16 0.18 0.09 0.09 0.05 
31 169 872 108 146 110 114 114 35 74 67 38 98 36 34 100 52 73 55 73 44 22 83 3380 0.04 0.14 0.02 0.02 0.03 
32 475 97 146 107 101 130 137 20 41 28 98 27 73 52 20 42 24 42 75 66 41 63 3660 0.05 0.13 0.07 0.19 0.15 
33 139 327 125 114 148 127 133 84 79 68 58 13 74 37 82 25 24 27 21 91 41 72 2595 0.08 0.03 0.17 0.01 0.10 
34 373 253 105 121 114 149 127 75 68 74 87 50 62 23 87 39 63 36 69 47 37 32 3820 0.19 0.02 0.17 0.02 0.20 
35 693 976 120 126 147 101 134 41 94 21 67 77 98 91 48 80 76 35 40 56 18 99 2865 0.16 0.15 0.06 0.19 0.12 
36 248 565 145 126 106 126 113 20 50 29 60 40 83 37 50 78 29 55 11 46 63 23 3480 0.05 0.08 0.05 0.20 0.14 
37 308 566 104 116 124 144 144 25 57 67 75 32 23 14 100 92 78 27 34 79 91 29 2745 0.10 0.14 0.06 0.18 0.19 
38 535 801 107 134 129 109 118 80 64 81 83 44 11 18 29 69 20 74 46 98 29 29 3580 0.04 0.02 0.01 0.19 0.09 
39 864 651 123 101 140 132 104 18 54 53 86 79 15 42 70 88 39 56 69 54 19 61 2970 0.04 0.00 0.07 0.06 0.01 
40 75 756 131 139 122 112 110 68 78 61 30 46 96 50 76 40 25 89 100 19 63 75 2610 0.13 0.11 0.18 0.14 0.18 
41 120 475 139 105 130 107 131 32 27 54 40 26 28 73 26 76 17 47 24 98 46 28 2430 0.00 0.03 0.01 0.11 0.01 
42 970 353 108 131 102 137 145 39 20 87 25 47 47 64 73 13 48 13 100 78 57 96 3880 0.01 0.04 0.17 0.04 0.05 
43 493 544 147 130 119 132 114 56 46 62 84 69 42 67 34 46 88 77 39 38 37 30 3040 0.09 0.12 0.11 0.13 0.09 
44 990 761 120 121 117 108 106 53 59 33 20 11 86 94 15 59 50 88 15 78 56 16 2805 0.04 0.01 0.18 0.16 0.12 
45 521 545 111 112 117 130 116 23 28 16 12 55 43 92 73 96 31 22 98 78 38 99 3900 0.14 0.17 0.19 0.15 0.15 
46 711 100 146 127 125 149 113 59 95 18 100 41 77 73 40 98 35 94 27 54 87 38 2505 0.11 0.18 0.03 0.08 0.16 
47 438 405 143 139 113 101 131 58 89 89 59 26 52 92 58 61 56 57 70 73 30 16 3540 0.13 0.16 0.19 0.11 0.19 
48 616 621 120 102 110 104 137 49 89 83 77 87 48 91 36 45 86 79 55 48 18 66 2745 0.14 0.04 0.19 0.10 0.03 
49 694 123 114 145 113 140 120 96 82 52 26 41 22 78 65 55 61 54 50 61 43 77 3220 0.18 0.17 0.12 0.02 0.16 
50 747 464 147 150 143 118 138 44 56 49 97 85 92 58 18 67 62 32 73 33 64 80 2565 0.12 0.12 0.08 0.09 0.04 
51 878 68 105 135 145 144 127 100 51 48 51 24 13 67 92 45 21 57 88 81 17 26 2940 0.17 0.09 0.19 0.09 0.16 
52 186 399 139 115 122 118 128 87 93 18 92 24 39 78 26 34 60 60 42 99 87 100 3840 0.03 0.14 0.05 0.12 0.13 
53 274 183 109 129 109 123 139 57 67 26 36 14 41 94 97 79 82 100 68 93 87 92 2655 0.00 0.02 0.00 0.14 0.06 
54 768 754 103 146 111 118 126 24 56 90 71 90 68 82 69 30 47 90 22 58 15 52 3360 0.01 0.06 0.01 0.03 0.06 
55 517 940 132 112 120 101 103 47 84 70 73 12 25 32 12 44 31 36 88 47 47 30 2820 0.18 0.10 0.04 0.04 0.11 
56 440 740 124 127 130 130 122 31 82 59 13 12 76 78 90 88 85 77 62 26 72 18 2295 0.19 0.15 0.10 0.10 0.19 
57 400 339 132 114 104 145 126 79 23 32 71 35 24 63 80 12 67 81 88 42 97 20 2940 0.02 0.14 0.03 0.18 0.03 
58 298 642 114 139 116 130 101 60 92 20 23 31 94 45 27 23 80 26 43 13 89 54 2535 0.00 0.18 0.19 0.14 0.01 
59 51 131 129 122 141 132 104 96 60 24 70 47 23 92 74 86 86 62 50 56 62 66 2925 0.01 0.05 0.09 0.19 0.04 
60 284 575 104 109 103 145 103 84 65 77 40 26 65 90 16 30 54 52 49 92 12 22 2355 0.01 0.02 0.12 0.06 0.11 
61 719 621 101 131 106 103 104 15 96 70 34 65 22 29 50 91 32 53 39 53 95 26 3720 0.03 0.16 0.18 0.05 0.08 
62 860 558 142 131 133 132 129 75 96 78 27 60 55 71 56 61 98 46 94 75 28 55 3280 0.04 0.03 0.20 0.00 0.01 
63 80 301 147 140 109 111 135 100 64 35 41 56 73 62 53 22 65 84 66 77 68 37 2760 0.02 0.04 0.05 0.06 0.03 
64 98 799 148 150 145 114 149 45 29 42 53 88 38 23 79 74 90 42 82 60 82 12 3160 0.18 0.14 0.07 0.01 0.19 
65 199 135 138 103 120 130 103 29 30 24 23 73 52 62 64 75 37 91 82 72 17 41 2520 0.10 0.14 0.19 0.04 0.00 
66 642 794 124 125 150 147 105 52 79 54 93 53 98 95 60 27 86 18 98 89 79 48 2550 0.06 0.15 0.04 0.00 0.13 
67 30 141 141 134 101 149 137 53 78 87 32 72 75 69 92 30 70 91 66 88 42 28 3440 0.09 0.10 0.03 0.03 0.14 
68 604 304 133 135 116 124 134 66 16 26 92 99 26 35 52 83 71 25 47 81 76 11 2625 0.03 0.08 0.16 0.13 0.10 
69 666 65 125 114 121 111 109 40 88 80 66 74 88 90 12 88 47 66 63 64 76 93 2385 0.09 0.12 0.11 0.17 0.08 
70 490 886 120 123 115 135 106 41 11 37 80 72 45 21 60 94 100 34 21 49 33 80 2490 0.11 0.15 0.07 0.03 0.06 
71 149 649 144 116 102 149 147 52 26 17 53 48 83 83 88 86 43 22 41 84 57 67 3140 0.15 0.08 0.11 0.10 0.15 
72 485 371 109 123 141 117 138 82 48 34 16 37 63 72 38 35 76 29 53 59 71 71 2385 0.16 0.05 0.18 0.03 0.16 
73 244 845 138 127 118 120 115 51 57 85 80 96 93 58 97 40 32 50 23 92 61 60 2895 0.08 0.14 0.18 0.13 0.12 
74 749 949 136 130 126 103 121 59 79 66 63 15 85 59 53 68 82 67 39 41 78 75 2385 0.05 0.18 0.10 0.19 0.16 
75 269 661 144 129 104 135 120 66 15 78 33 83 58 30 30 48 49 93 68 31 50 45 2490 0.15 0.10 0.08 0.12 0.20 
76 580 248 144 103 142 138 136 20 39 89 68 84 98 41 87 84 34 17 60 74 64 60 2820 0.12 0.19 0.05 0.02 0.07 
77 738 966 127 115 147 120 134 67 74 58 62 71 77 31 79 37 62 49 40 60 69 94 2970 0.06 0.09 0.13 0.05 0.14 
78 488 753 146 129 148 114 114 73 37 85 46 94 59 70 55 89 44 95 61 86 80 93 3100 0.11 0.15 0.17 0.00 0.09 
79 568 403 117 135 131 142 114 28 15 29 52 26 52 75 20 14 98 13 24 25 57 77 3600 0.12 0.01 0.02 0.07 0.18 
80 769 718 120 138 131 102 147 34 83 82 63 50 41 91 75 14 40 85 60 98 52 56 3400 0.10 0.07 0.19 0.10 0.09 
81 754 915 122 108 142 121 123 68 46 84 79 35 64 66 93 18 97 70 32 30 25 40 3620 0.17 0.18 0.18 0.04 0.16 
82 335 46 111 112 133 125 138 86 13 75 48 76 99 91 26 89 34 81 79 64 21 74 3220 0.17 0.02 0.02 0.14 0.19 
83 749 914 139 102 139 138 148 95 81 23 17 43 96 94 67 72 56 17 94 85 49 51 3640 0.17 0.16 0.13 0.18 0.18 
84 352 708 127 125 123 114 150 54 77 81 51 39 93 34 75 38 98 47 60 92 47 51 3980 0.18 0.17 0.13 0.13 0.10 
85 40 654 113 121 147 135 145 85 40 82 20 68 25 61 59 34 87 38 46 87 12 76 3840 0.05 0.13 0.15 0.02 0.06 
86 651 230 102 142 148 117 128 61 19 31 52 95 62 19 24 84 99 70 16 67 52 75 3540 0.07 0.10 0.11 0.00 0.05 
87 663 716 124 114 141 135 139 34 69 54 89 95 98 18 69 54 14 73 30 78 56 91 2880 0.06 0.07 0.04 0.16 0.18 
88 604 975 134 124 123 116 150 96 44 20 87 66 15 63 50 51 93 34 86 53 20 95 3240 0.09 0.17 0.07 0.16 0.01 
89 552 64 119 128 134 126 142 56 91 93 63 19 38 23 71 42 73 24 68 61 33 48 2850 0.02 0.04 0.10 0.19 0.12 
90 697 239 144 120 139 109 139 31 20 52 12 40 36 29 53 84 84 97 62 65 57 71 3340 0.17 0.11 0.08 0.01 0.01 
91 799 954 107 117 145 142 137 68 24 33 65 96 79 31 50 75 34 26 70 39 28 98 2850 0.05 0.07 0.18 0.16 0.15 
92 614 728 137 110 141 113 134 84 51 35 35 11 62 41 70 12 96 36 66 95 99 11 3540 0.05 0.11 0.17 0.11 0.10 
93 353 669 146 148 142 147 114 73 32 92 56 88 100 11 30 49 31 81 28 46 90 13 2445 0.06 0.10 0.11 0.17 0.07 
94 192 61 117 122 128 121 127 74 12 82 93 57 64 57 71 95 71 26 20 95 66 48 3020 0.01 0.09 0.04 0.11 0.00 
95 373 669 111 104 119 118 116 40 82 87 25 95 85 58 27 42 73 69 89 78 92 83 2385 0.18 0.04 0.02 0.07 0.09 
96 314 668 120 120 125 128 101 69 87 50 36 42 26 27 49 40 80 20 67 60 54 78 2820 0.16 0.13 0.07 0.01 0.15 
97 691 344 142 147 114 118 138 23 46 67 85 68 87 84 68 43 97 37 64 55 63 28 3240 0.08 0.09 0.17 0.01 0.16 
98 659 141 139 140 136 103 126 53 62 29 81 80 35 66 51 45 45 29 44 82 12 77 2385 0.04 0.00 0.14 0.13 0.17 
99 386 882 135 146 131 119 105 62 46 34 65 74 55 99 55 24 89 99 46 42 30 50 3740 0.02 0.04 0.07 0.02 0.18 
100 45 958 117 109 131 149 118 49 30 86 16 60 63 67 58 39 71 40 61 37 30 63 2715 0.04 0.16 0.05 0.08 0.02 
