30 5 5 5 3188
849 598
3769 3776 3764 3684 3744 3570 3180 2340 3120 3570 2400 3930 4170 1890 1860 3180 1620 2700 3900 3510 2580 2520 3840 2640 2040 1950 4200 2940 3270 3900 0.01 0.01 0.01 0.01 0.01 
1 364 995 149 139 145 134 113 88 84 41 66 17 33 30 55 86 58 29 33 54 23 62 90 25 86 83 27 55 65 64 36 58 3360 0.05 0.16 0.17 0.19 0.00 
2 716 321 117 104 146 131 108 95 71 35 45 51 88 25 18 24 14 99 87 100 52 41 67 28 74 59 17 49 37 33 45 77 2700 0.05 0.20 0.03 0.07 0.08 
3 862 172 133 133 148 110 126 61 82 45 44 81 96 84 76 21 13 46 23 100 16 61 39 95 26 46 16 23 51 28 92 42 3460 0.05 0.11 0.10 0.19 0.03 
4 167 852 138 135 103 148 119 39 55 85 31 91 82 96 20 69 86 46 31 20 45 95 63 86 54 48 70 15 89 47 14 14 3580 0.05 0.05 0.13 0.14 0.04 
5 131 642 121 115 144 140 133 54 78 58 58 24 29 58 87 41 72 47 20 94 96 76 42 42 47 22 80 46 26 16 23 60 2625 0.09 0.15 0.11 0.16 0.10 
6 741 878 135 104 120 111 116 73 85 34 59 31 14 26 71 48 19 46 30 43 38 27 43 39 69 95 75 86 31 44 91 16 3260 0.13 0.04 0.16 0.05 0.09 
7 69 492 136 143 129 116 107 55 91 77 18 88 12 25 74 21 19 80 65 39 12 51 46 41 65 33 45 94 72 96 85 56 3260 0.12 0.19 0.19 0.20 0.19 
8 379 701 108 140 139 106 104 11 81 63 13 22 42 23 30 90 20 16 94 56 62 87 57 33 35 95 75 85 55 93 62 82 2640 0.01 0.05 0.10 0.08 0.13 
9 54 362 107 148 119 136 132 15 82 13 26 87 33 100 45 11 18 35 64 42 21 48 65 62 82 40 67 86 35 63 52 72 3660 0.18 0.01 0.09 0.12 0.11 
10 338 891 104 125 128 137 106 78 76 81 45 62 39 34 44 39 50 20 42 23 36 27 50 30 19 41 65 66 12 51 39 45 3020 0.11 0.05 0.01 0.07 0.04 
11 717 185 142 150 125 124 122 72 89 91 28 98 40 85 100 39 34 100 27 84 46 44 48 72 29 63 34 67 67 24 33 95 3880 0.03 0.14 0.04 0.19 0.12 
12 988 728 128 144 135 148 142 99 27 82 80 26 63 23 41 47 60 27 75 87 71 41 46 25 99 20 50 71 66 74 82 27 2370 0.17 0.14 0.06 0.11 0.05 
13 171 728 104 141 108 130 147 100 18 78 63 86 11 18 45 16 54 14 63 61 44 33 17 15 94 68 44 97 54 26 13 61 3820 0.19 0.10 0.15 0.01 0.16 
14 567 514 134 102 128 109 126 60 79 92 71 83 83 26 76 60 84 53 14 75 74 62 52 65 40 38 47 83 97 62 23 23 3220 0.02 0.17 0.03 0.01 0.05 
15 76 409 122 119 134 142 135 85 87 99 26 91 53 65 25 32 16 62 95 26 12 77 64 51 48 89 12 92 15 27 40 62 3880 0.11 0.03 0.14 0.17 0.02 
16 684 942 109 137 145 105 136 82 49 15 22 62 37 63 37 63 78 100 66 40 71 20 50 49 58 56 54 48 58 29 83 24 2580 0.14 0.15 0.19 0.07 0.14 
17 884 874 146 125 118 120 124 86 19 51 63 71 54 93 77 50 42 97 87 31 13 87 32 69 53 29 13 26 12 68 74 62 2520 0.13 0.07 0.05 0.16 0.06 
18 69 616 115 104 109 139 115 82 54 79 59 13 79 15 13 18 88 60 68 88 21 45 78 18 12 92 16 76 15 99 68 20 3280 0.11 0.01 0.06 0.15 0.18 
19 264 173 114 148 110 134 136 63 49 27 86 98 73 19 29 24 48 25 39 55 25 14 24 33 31 40 89 48 32 75 20 82 2355 0.15 0.20 0.04 0.13 0.14 
20 369 30 142 102 103 101 108 28 30 21 68 44 22 59 67 33 34 54 63 40 79 11 54 72 57 21 20 27 74 34 30 22 2325 0.17 0.08 0.03 0.07 0.19 
21 266 345 148 122 145 108 127 47 54 36 88 97 79 76 50 53 81 99 53 31 51 69 75 50 68 52 56 11 73 16 55 52 3700 0.12 0.03 0.15 0.08 0.14 
22 627 937 130 112 102 113 118 71 20 98 82 18 64 59 71 20 33 39 36 28 87 88 54 42 93 80 88 21 69 31 49 90 3920 0.09 0.13 0.09 0.05 0.08 
23 944 687 108 129 137 127 148 35 28 22 58 56 75 94 87 26 47 71 78 68 65 51 47 51 78 86 17 44 31 81 62 85 2835 0.02 0.19 0.17 0.16 0.16 
24 672 674 124 107 135 104 119 48 33 67 28 55 86 19 46 74 55 51 41 55 39 36 19 49 22 96 90 25 52 62 37 51 3920 0.16 0.02 0.05 0.19 0.19 
25 136 724 103 149 119 101 122 53 78 21 39 28 45 18 39 20 26 83 73 28 26 87 78 75 71 98 31 50 42 78 46 49 3600 0.13 0.07 0.13 0.07 0.16 
26 357 209 144 139 103 144 106 15 88 22 43 70 23 85 33 81 24 14 73 79 76 22 53 57 73 86 58 96 70 98 33 46 3340 0.16 0.01 0.04 0.09 0.17 
27 786 382 128 106 135 103 148 97 51 44 56 16 86 81 80 58 85 31 70 46 46 65 43 49 12 70 67 32 96 98 67 70 2805 0.16 0.08 0.15 0.17 0.09 
28 231 476 118 112 103 120 120 28 17 77 16 37 51 72 24 17 67 70 36 28 72 20 31 76 82 88 24 57 95 73 31 96 2775 0.19 0.20 0.11 0.09 0.11 
29 839 258 141 137 137 117 150 23 50 53 36 19 53 80 50 27 11 61 50 91 22 97 85 27 42 16 92 43 94 86 96 56 3240 0.04 0.07 0.04 0.08 0.10 
30 513 509 121 105 112 126 131 28 39 19 94 89 84 62 17 31 46 24 51 76 30 83 16 40 77 35 74 55 60 51 32 38 2265 0.19 0.07 0.09 0.16 0.10 
