100 3 5 3 6782
115 260
12561 12740 12561 9400 12900 5300 12500 13700 13100 6200 14000 13100 0.01 0.01 0.01 
1 671 826 126 138 132 16 82 97 55 23 41 58 69 78 1512 0.02 0.15 0.01 
2 967 203 128 139 147 27 51 79 86 22 16 59 92 76 1413 0.14 0.17 0.07 
3 146 250 141 149 137 82 27 12 88 91 82 70 48 62 2112 0.13 0.17 0.07 
4 80 494 114 149 127 79 47 82 84 78 24 82 38 86 2052 0.02 0.04 0.10 
5 674 714 116 123 105 62 91 24 37 40 39 25 78 91 1992 0.01 0.06 0.09 
6 226 148 148 147 102 51 58 13 87 35 51 68 92 47 1764 0.18 0.06 0.06 
7 489 194 142 122 121 80 11 48 15 94 59 55 83 28 2220 0.01 0.20 0.11 
8 783 597 148 128 104 40 37 28 71 33 27 13 55 14 2208 0.04 0.04 0.09 
9 154 0 142 107 115 73 20 11 53 85 79 19 54 56 1647 0.06 0.05 0.02 
10 161 952 125 123 125 32 49 95 22 29 90 88 59 88 2052 0.16 0.00 0.10 
11 846 459 116 107 133 88 22 56 56 91 78 63 82 53 2100 0.20 0.16 0.05 
12 394 619 117 127 127 87 26 88 31 70 86 93 49 38 1764 0.00 0.00 0.03 
13 455 87 139 111 106 77 69 93 33 19 72 97 37 20 1395 0.13 0.17 0.00 
14 870 620 103 101 148 94 89 86 97 74 84 56 91 15 1503 0.07 0.10 0.15 
15 263 521 109 123 134 90 79 97 67 34 85 86 92 89 1755 0.07 0.13 0.04 
16 251 926 110 112 111 86 52 55 19 21 77 20 33 12 1566 0.04 0.15 0.12 
17 669 865 131 135 124 91 48 100 33 84 69 12 94 89 2028 0.13 0.13 0.19 
18 489 27 125 150 126 43 40 81 72 54 77 78 37 24 1431 0.17 0.07 0.15 
19 607 787 119 105 150 89 31 33 86 11 30 83 81 25 2208 0.04 0.11 0.19 
20 457 999 111 118 123 38 55 74 92 14 63 23 59 57 1530 0.04 0.17 0.04 
21 623 124 147 133 125 71 20 52 49 27 52 36 80 50 2400 0.02 0.15 0.08 
22 602 18 102 143 133 74 76 83 28 44 72 72 48 30 1701 0.00 0.14 0.08 
23 712 222 102 134 145 63 50 90 75 59 57 69 55 87 1512 0.04 0.02 0.18 
24 702 293 107 103 135 86 56 70 88 40 19 85 100 47 1746 0.04 0.14 0.10 
25 149 454 103 135 131 84 63 79 17 58 47 19 40 27 2376 0.16 0.03 0.19 
26 824 215 132 143 118 96 76 14 70 27 28 94 40 47 1674 0.08 0.17 0.18 
27 126 525 120 137 116 62 23 87 15 64 64 60 36 96 1467 0.20 0.04 0.02 
28 868 756 145 109 107 96 53 86 32 61 93 20 60 45 2076 0.13 0.14 0.06 
29 97 517 107 145 129 80 80 15 95 87 59 63 12 33 1440 0.12 0.00 0.17 
30 293 81 141 109 141 36 39 19 95 81 80 83 55 67 1980 0.12 0.15 0.08 
31 539 500 121 123 129 66 28 35 36 46 25 51 73 62 2376 0.18 0.14 0.01 
32 464 15 143 101 115 45 34 16 84 92 61 52 52 14 1800 0.12 0.09 0.07 
33 807 687 115 104 150 51 86 58 86 18 54 89 90 83 2328 0.08 0.20 0.06 
34 441 214 125 117 125 52 11 50 76 19 37 80 45 33 2136 0.00 0.10 0.12 
35 44 636 113 139 116 11 70 96 71 81 51 29 92 36 1755 0.18 0.03 0.13 
36 595 582 142 115 108 90 66 72 31 71 82 72 88 38 1692 0.04 0.08 0.15 
37 870 413 126 148 148 58 34 26 12 72 34 72 49 53 2040 0.08 0.01 0.09 
38 196 159 103 129 109 84 24 84 54 71 32 55 51 46 2040 0.02 0.08 0.02 
39 472 811 134 128 117 50 88 80 48 69 24 32 13 21 1908 0.11 0.11 0.02 
40 443 491 143 113 134 17 77 44 18 56 74 12 96 80 1575 0.00 0.15 0.02 
41 320 262 104 113 138 34 65 66 81 14 29 77 58 65 1584 0.12 0.20 0.15 
42 948 735 114 132 128 63 22 88 17 85 22 35 78 77 1449 0.09 0.19 0.13 
43 679 605 133 109 105 67 85 85 54 63 76 82 37 29 1449 0.09 0.12 0.11 
44 697 108 108 126 129 42 84 85 71 47 48 42 73 84 1908 0.08 0.18 0.03 
45 699 790 150 149 110 82 49 37 75 78 92 73 91 48 1824 0.01 0.02 0.12 
46 359 637 132 149 117 29 93 63 62 54 31 27 94 86 1980 0.06 0.03 0.04 
47 681 610 108 148 113 49 55 18 34 91 31 82 75 87 2340 0.10 0.08 0.03 
48 693 610 106 137 125 21 18 84 34 20 81 46 93 58 1812 0.20 0.00 0.04 
49 6 393 131 148 130 75 18 35 42 42 92 50 84 20 1746 0.15 0.08 0.10 
50 626 698 110 101 139 41 44 76 58 69 52 99 91 67 2340 0.10 0.10 0.15 
51 208 207 123 116 123 84 78 14 69 98 34 100 36 95 2112 0.19 0.17 0.08 
52 152 457 136 112 141 40 77 60 87 24 31 53 35 60 1719 0.18 0.07 0.04 
53 680 92 109 145 146 15 73 73 55 90 89 57 36 95 1395 0.08 0.07 0.03 
54 979 204 123 141 104 41 93 30 65 90 93 66 12 13 1503 0.10 0.13 0.00 
55 634 262 135 128 115 98 36 42 13 59 77 71 86 29 1611 0.18 0.15 0.00 
56 598 879 130 115 148 68 53 77 56 45 97 11 40 24 1521 0.10 0.14 0.03 
57 831 464 111 143 120 81 81 57 98 35 34 55 61 68 2136 0.00 0.16 0.12 
58 290 645 107 144 108 61 54 74 61 25 37 19 40 34 1719 0.19 0.05 0.07 
59 567 866 125 134 138 96 16 16 87 33 86 72 12 87 2340 0.00 0.12 0.02 
60 950 827 149 142 149 66 26 17 96 79 17 63 70 82 1494 0.04 0.07 0.07 
61 233 673 148 102 126 82 32 81 89 57 98 97 50 51 1413 0.08 0.19 0.12 
62 249 542 148 122 131 97 86 83 94 100 79 42 65 82 1413 0.05 0.19 0.18 
63 233 613 129 118 128 87 58 12 83 68 17 75 30 61 1674 0.10 0.11 0.09 
64 438 445 114 111 146 23 77 50 87 48 58 14 63 90 2052 0.05 0.12 0.08 
65 193 546 120 146 105 20 23 77 62 55 68 62 60 29 1566 0.05 0.03 0.03 
66 200 122 103 133 129 33 37 51 54 13 22 92 93 22 2328 0.00 0.19 0.19 
67 659 277 113 144 115 45 82 64 28 88 57 67 51 89 1377 0.06 0.17 0.13 
68 15 863 134 118 134 41 51 51 51 14 89 89 88 48 2064 0.10 0.06 0.15 
69 857 950 142 128 111 64 62 94 69 67 66 13 86 37 2016 0.05 0.19 0.13 
70 814 232 137 138 113 59 69 71 62 92 40 90 90 14 1476 0.16 0.16 0.11 
71 364 488 101 121 111 24 57 60 69 37 42 69 21 49 1800 0.12 0.17 0.18 
72 698 465 142 116 102 37 54 98 48 51 71 98 17 80 1647 0.11 0.06 0.08 
73 835 44 138 122 126 78 39 88 79 19 46 88 65 68 1539 0.08 0.02 0.02 
74 443 272 125 146 146 46 93 73 64 55 13 91 22 54 1812 0.17 0.11 0.20 
75 445 839 133 130 137 26 52 27 47 69 55 13 64 36 1908 0.05 0.05 0.17 
76 428 156 115 119 142 41 39 51 44 91 28 18 92 53 2268 0.05 0.18 0.14 
77 868 696 149 113 106 32 33 21 92 71 88 46 83 70 1968 0.19 0.01 0.18 
78 162 286 144 129 110 82 76 31 60 51 79 92 19 79 2064 0.01 0.07 0.14 
79 344 31 116 123 122 77 40 70 15 45 44 94 37 13 2400 0.19 0.15 0.09 
80 727 551 148 139 103 100 98 42 97 33 41 84 33 11 2148 0.19 0.08 0.01 
81 463 941 135 136 146 41 81 80 12 49 34 42 23 60 1458 0.10 0.04 0.17 
82 880 913 125 112 144 73 27 66 49 65 27 23 75 79 1503 0.12 0.04 0.17 
83 461 93 129 110 103 80 25 96 42 69 47 20 51 85 1968 0.02 0.12 0.20 
84 87 527 136 113 150 56 46 38 49 56 59 16 71 66 2304 0.09 0.02 0.05 
85 720 417 119 118 116 24 77 78 29 53 62 91 25 22 1368 0.11 0.02 0.01 
86 550 104 145 144 149 40 57 88 98 51 36 42 98 11 1458 0.13 0.06 0.16 
87 177 184 128 127 119 97 93 99 60 83 26 52 73 58 1836 0.04 0.02 0.00 
88 772 343 141 118 102 58 89 44 19 55 11 78 72 70 2400 0.19 0.03 0.13 
89 202 651 109 121 133 80 46 77 14 79 16 37 30 30 2256 0.12 0.18 0.06 
90 73 898 135 116 126 45 91 35 14 54 28 42 53 20 1575 0.04 0.14 0.12 
91 111 904 129 143 102 30 40 98 65 37 18 38 85 45 1710 0.11 0.11 0.11 
92 73 214 106 143 126 16 63 18 60 54 70 26 80 36 1908 0.07 0.18 0.05 
93 423 522 130 130 112 66 32 92 75 73 49 58 39 21 2352 0.14 0.03 0.05 
94 42 245 117 134 118 32 12 74 19 34 36 71 31 18 1674 0.20 0.04 0.12 
95 665 296 129 146 150 16 50 76 23 71 14 96 12 79 2076 0.08 0.01 0.10 
96 146 607 143 148 147 64 19 88 48 35 23 72 39 60 1485 0.05 0.01 0.04 
97 474 744 119 123 141 28 12 79 91 64 90 95 92 90 2136 0.16 0.12 0.11 
98 275 282 131 150 142 12 58 43 67 39 21 13 84 56 1557 0.12 0.08 0.17 
99 581 750 101 104 117 51 30 54 42 61 38 53 35 80 1782 0.11 0.19 0.13 
100 796 106 130 132 121 43 96 56 38 19 59 29 95 87 2376 0.05 0.17 0.08 
