100 3 3 5 11018
980 585
12570 12498 12482 11200 7000 8000 11800 13300 5700 12400 7000 13500 5300 7500 9000 6200 7500 13400 0.01 0.01 0.01 
1 210 547 128 141 132 48 45 17 53 95 96 75 30 27 32 63 22 12 47 21 1728 0.10 0.19 0.03 
2 613 187 133 148 150 59 36 72 48 12 48 98 41 90 55 85 29 89 64 12 2352 0.08 0.06 0.13 
3 441 23 108 115 132 27 47 51 42 97 90 32 91 90 85 37 45 55 78 89 1746 0.12 0.10 0.13 
4 684 232 105 124 120 46 84 68 83 70 99 16 95 92 64 44 85 14 33 32 2172 0.06 0.06 0.16 
5 268 654 135 106 145 74 87 92 44 98 41 44 12 24 65 74 70 12 66 33 1701 0.16 0.16 0.01 
6 552 196 128 124 135 17 44 94 22 29 86 67 99 81 27 22 60 97 87 24 1530 0.14 0.14 0.13 
7 775 806 127 150 115 49 24 71 91 35 97 68 32 71 48 56 15 90 36 31 1908 0.11 0.17 0.11 
8 286 42 114 111 133 13 53 35 31 87 31 11 84 21 35 70 92 82 92 92 2244 0.15 0.11 0.12 
9 527 473 137 117 112 71 80 69 77 27 41 70 14 61 56 43 18 100 16 42 1884 0.07 0.04 0.19 
10 505 695 103 120 141 34 42 49 63 41 33 20 54 61 89 91 20 35 13 27 1575 0.12 0.18 0.11 
11 294 612 110 123 128 65 31 55 93 11 78 42 19 40 34 62 96 46 74 84 1386 0.10 0.14 0.05 
12 320 40 102 146 138 95 97 64 75 72 39 55 46 84 55 61 48 76 91 34 1656 0.11 0.10 0.01 
13 381 717 141 147 130 18 24 59 78 18 35 66 36 99 90 89 44 63 72 50 1557 0.11 0.17 0.14 
14 676 657 148 120 112 52 27 55 15 49 22 63 58 90 70 24 36 55 74 77 2064 0.16 0.01 0.14 
15 587 82 109 113 111 21 61 82 83 74 86 91 66 91 39 12 53 60 91 23 2232 0.12 0.16 0.03 
16 905 401 125 126 105 99 55 38 19 21 81 33 78 63 97 11 49 91 91 39 1824 0.11 0.11 0.03 
17 630 209 145 138 132 17 43 91 44 50 42 57 32 12 67 82 90 57 97 48 2244 0.11 0.10 0.11 
18 222 568 126 134 134 95 97 74 50 54 18 86 78 51 88 82 44 55 83 62 1593 0.13 0.08 0.01 
19 787 910 136 137 109 35 47 57 11 40 95 36 22 97 41 14 27 76 17 66 1620 0.07 0.20 0.17 
20 507 113 113 124 123 63 69 23 12 81 89 80 39 89 19 45 96 35 93 36 2028 0.17 0.05 0.18 
21 86 770 108 114 128 29 62 88 41 51 55 71 62 56 14 96 45 72 84 15 2268 0.17 0.01 0.16 
22 870 215 119 126 141 53 16 85 73 64 54 77 76 84 28 38 50 77 45 53 1629 0.06 0.04 0.13 
23 74 68 139 114 106 52 15 29 91 61 43 66 34 67 81 20 58 11 93 37 2064 0.02 0.19 0.15 
24 811 546 110 118 124 67 60 84 58 41 61 97 58 51 57 45 74 81 12 55 2052 0.01 0.11 0.08 
25 593 143 105 112 108 65 76 25 45 92 12 52 31 21 44 33 40 31 74 86 1530 0.18 0.19 0.20 
26 620 861 119 110 123 80 70 61 69 54 86 81 36 30 73 83 76 40 55 19 2016 0.02 0.05 0.18 
27 318 255 130 118 135 57 21 95 74 36 53 96 50 22 11 59 81 85 78 15 1956 0.16 0.14 0.08 
28 655 791 110 125 145 49 21 98 85 73 42 83 26 15 19 19 66 16 30 66 2136 0.04 0.15 0.12 
29 134 494 134 144 115 44 81 48 84 31 84 94 93 69 66 62 11 39 66 19 2112 0.09 0.20 0.00 
30 312 167 115 130 108 50 14 54 52 99 48 41 35 31 24 66 69 74 34 34 1980 0.17 0.11 0.08 
31 620 502 131 123 148 81 72 45 33 88 35 91 87 76 51 75 44 59 95 57 1647 0.16 0.12 0.10 
32 75 472 113 130 110 86 16 84 93 78 36 12 69 58 89 82 42 36 20 82 1476 0.03 0.14 0.13 
33 995 820 112 120 150 99 89 50 99 79 46 47 68 38 76 25 39 99 73 28 1674 0.09 0.05 0.19 
34 956 1 137 110 138 31 54 53 53 92 52 42 96 12 73 99 19 47 88 46 1467 0.08 0.00 0.05 
35 194 284 131 131 137 64 35 19 17 71 37 76 35 42 29 45 61 38 46 85 1386 0.10 0.02 0.09 
36 338 491 103 145 121 26 82 21 69 31 32 55 23 39 77 27 15 29 58 33 1638 0.05 0.16 0.10 
37 75 365 101 106 114 73 23 15 63 17 78 51 62 99 71 30 25 40 20 54 2124 0.15 0.13 0.04 
38 605 909 148 114 122 77 65 64 57 73 30 48 14 44 54 73 56 15 71 26 1647 0.09 0.13 0.13 
39 677 351 111 113 140 55 11 34 86 26 24 43 76 71 15 90 14 26 85 20 1413 0.11 0.19 0.13 
40 145 267 143 150 128 73 70 83 70 16 24 16 18 61 32 75 26 95 45 82 2232 0.09 0.12 0.15 
41 947 876 138 115 103 21 42 57 91 51 25 20 61 46 77 59 83 14 72 66 1674 0.05 0.08 0.19 
42 73 516 105 129 117 99 33 48 55 38 66 31 72 56 33 33 43 61 68 71 1611 0.18 0.13 0.13 
43 269 832 136 129 101 12 75 78 26 22 24 44 55 69 34 86 16 92 41 39 1395 0.06 0.16 0.19 
44 51 234 130 124 128 98 21 62 29 17 31 81 89 98 92 73 88 88 93 73 2376 0.07 0.05 0.09 
45 602 767 121 113 126 52 44 29 97 95 94 16 54 74 74 56 54 91 53 97 2016 0.03 0.07 0.17 
46 322 289 134 145 145 86 42 18 15 33 57 28 73 53 23 98 80 71 71 53 1908 0.17 0.04 0.04 
47 355 33 129 111 132 38 88 30 45 30 82 23 88 87 97 43 76 65 85 88 1566 0.15 0.19 0.09 
48 593 127 146 135 127 28 53 27 72 16 61 55 57 57 36 39 100 24 25 96 1521 0.02 0.18 0.09 
49 174 450 137 140 133 39 17 91 100 45 79 87 13 12 54 62 60 87 19 85 2028 0.02 0.14 0.05 
50 585 524 132 120 104 64 27 75 74 83 12 89 14 63 33 94 72 54 95 25 1593 0.17 0.10 0.03 
51 572 116 111 148 105 95 84 89 35 40 88 57 45 23 39 77 27 23 91 12 1656 0.12 0.09 0.03 
52 165 711 149 117 130 23 36 13 86 84 80 67 67 66 97 16 15 33 80 43 1584 0.18 0.15 0.11 
53 826 242 116 138 112 84 26 60 85 30 59 56 100 44 39 23 57 96 41 15 1782 0.05 0.03 0.16 
54 38 259 132 149 128 24 39 31 35 46 71 23 24 55 43 13 88 21 47 78 2292 0.05 0.05 0.12 
55 726 119 121 124 108 47 35 77 50 71 63 61 81 49 59 71 71 57 25 13 1920 0.07 0.10 0.19 
56 318 302 142 140 106 15 62 53 95 81 41 67 80 42 37 56 88 72 95 46 1860 0.10 0.12 0.06 
57 673 248 149 127 136 74 96 50 55 75 21 36 93 15 68 97 34 76 91 23 1992 0.17 0.04 0.03 
58 865 951 142 123 134 26 96 50 48 76 74 34 23 80 98 52 85 56 56 53 2328 0.11 0.12 0.01 
59 209 515 141 123 120 63 75 83 21 18 37 13 40 36 41 61 64 77 92 61 1575 0.05 0.20 0.18 
60 406 138 102 135 141 39 28 61 40 26 93 90 35 65 97 53 62 17 41 92 1719 0.03 0.11 0.09 
61 766 306 128 130 110 63 23 41 64 24 92 93 58 83 18 37 97 34 92 56 1656 0.16 0.16 0.15 
62 290 309 111 150 107 66 24 23 84 52 46 26 43 99 39 52 31 88 87 39 1737 0.13 0.01 0.06 
63 76 108 133 118 142 62 39 35 73 67 38 42 25 21 45 19 60 60 17 50 2292 0.15 0.07 0.14 
64 10 274 146 105 128 99 100 75 92 32 16 22 22 78 78 16 71 91 78 15 1992 0.01 0.10 0.19 
65 249 713 101 134 112 35 99 23 46 37 44 36 57 88 19 93 31 56 32 98 1593 0.05 0.13 0.06 
66 858 182 124 119 141 51 49 58 15 19 39 69 86 37 57 70 44 77 19 52 2316 0.13 0.06 0.06 
67 353 301 145 118 105 52 22 39 76 41 26 41 14 31 11 21 31 25 47 77 2148 0.20 0.01 0.19 
68 367 540 138 115 127 85 63 76 16 63 19 74 39 85 67 62 97 88 82 60 1860 0.17 0.17 0.13 
69 464 896 101 147 131 28 11 50 41 46 26 98 68 83 22 92 86 57 38 14 1908 0.16 0.02 0.07 
70 54 404 150 101 106 91 38 29 99 28 26 28 79 57 64 34 23 90 68 35 1908 0.14 0.10 0.16 
71 270 722 145 104 104 36 23 97 99 20 89 99 53 49 26 64 96 22 72 59 1593 0.16 0.02 0.12 
72 831 452 125 117 125 80 43 21 54 89 42 64 43 92 35 42 33 71 80 11 2220 0.04 0.14 0.12 
73 173 239 142 138 128 38 96 37 47 36 26 30 72 32 71 25 34 50 16 58 1884 0.18 0.17 0.13 
74 871 74 123 132 132 89 72 38 56 45 84 40 91 30 28 97 99 75 28 69 2304 0.14 0.00 0.17 
75 866 863 124 115 139 81 92 22 74 85 25 56 21 70 90 53 82 66 34 61 1557 0.15 0.13 0.12 
76 715 494 107 113 120 33 22 92 34 23 14 14 100 39 51 53 96 56 23 48 1773 0.04 0.07 0.13 
77 548 345 129 119 123 51 11 46 82 77 15 88 31 38 63 93 28 18 83 68 1992 0.11 0.02 0.19 
78 771 554 114 108 140 95 26 28 35 31 37 83 100 19 59 75 99 20 64 23 1872 0.17 0.15 0.05 
79 633 560 150 135 123 75 89 24 89 67 83 44 19 69 26 57 98 34 27 19 1719 0.02 0.11 0.12 
80 801 844 105 110 114 72 13 89 31 94 57 82 79 45 11 79 44 40 99 60 1404 0.03 0.11 0.02 
81 426 335 109 115 134 85 46 68 65 99 89 12 69 19 57 66 39 63 62 91 1812 0.05 0.18 0.04 
82 323 279 134 141 116 54 26 18 70 39 55 36 51 71 86 59 49 51 30 96 2220 0.02 0.04 0.02 
83 308 535 146 118 141 99 47 29 44 75 87 52 85 18 80 62 67 19 33 53 1629 0.16 0.19 0.01 
84 142 24 143 101 103 33 68 44 98 91 97 37 13 92 12 40 53 65 47 85 1701 0.07 0.11 0.00 
85 564 501 114 124 128 46 76 77 83 94 16 24 69 65 14 61 93 56 14 56 1980 0.09 0.14 0.03 
86 617 794 120 112 113 47 29 36 91 63 88 39 78 33 84 90 97 20 54 63 1773 0.07 0.13 0.07 
87 237 446 111 125 136 21 100 58 17 36 15 16 36 57 69 97 97 53 29 42 1602 0.09 0.17 0.03 
88 733 835 125 142 125 97 50 49 20 97 82 59 22 50 46 54 52 99 63 20 1908 0.04 0.02 0.18 
89 438 498 137 141 117 89 49 58 41 28 89 67 37 60 25 42 73 64 81 71 2004 0.14 0.00 0.13 
90 817 344 144 119 127 12 50 87 62 33 51 33 93 43 50 84 68 55 43 83 1494 0.00 0.12 0.17 
91 751 645 133 136 139 50 34 55 84 45 85 84 51 47 16 49 39 78 43 40 2112 0.02 0.14 0.20 
92 768 105 118 136 111 100 73 14 39 73 40 96 12 24 40 98 23 16 96 81 1494 0.04 0.15 0.11 
93 855 598 136 127 116 59 43 78 52 56 14 29 79 42 91 71 48 90 46 78 2352 0.06 0.01 0.16 
94 641 124 134 109 145 40 86 39 92 64 12 58 74 54 14 19 84 27 50 74 1638 0.19 0.02 0.08 
95 814 452 105 119 102 92 24 17 61 79 53 26 83 44 41 45 89 52 50 92 1422 0.18 0.14 0.10 
96 968 541 106 121 123 72 81 52 22 82 65 57 74 77 88 29 65 25 24 96 1812 0.17 0.10 0.16 
97 216 422 114 104 138 11 67 80 100 53 33 33 27 96 66 60 74 58 37 23 1884 0.17 0.02 0.07 
98 679 266 147 124 124 56 54 66 82 53 82 71 29 43 75 65 97 21 23 24 1548 0.13 0.04 0.14 
99 343 857 113 117 150 39 44 49 63 40 18 45 58 51 49 84 19 77 26 83 1728 0.09 0.00 0.12 
100 747 203 135 137 123 55 76 37 68 16 58 49 93 20 40 79 36 57 81 75 1386 0.12 0.05 0.07 
