30 5 1 5 16812
483 287
3786 3812 3649 3849 3780 1560 2670 2670 2850 1710 2220 2850 3660 2790 1830 2520 3210 1890 3450 1590 2730 3150 2640 3180 2730 3390 1950 2580 3360 3510 0.01 0.01 0.01 0.01 0.01 
1 157 167 108 129 132 102 122 38 21 77 21 82 94 32 36 84 84 55 85 21 78 34 18 58 40 39 12 76 98 51 49 94 3800 0.13 0.04 0.02 0.01 0.05 
2 140 549 147 130 108 125 107 90 71 73 41 77 51 54 80 34 62 64 52 91 97 27 99 27 44 62 28 35 95 58 41 59 2550 0.19 0.10 0.00 0.20 0.06 
3 856 517 144 138 109 127 150 43 15 63 32 68 22 26 30 61 25 94 76 25 20 63 30 55 67 26 37 45 29 97 41 29 2550 0.09 0.17 0.09 0.06 0.02 
4 276 174 122 150 116 137 109 26 68 54 23 23 89 33 44 97 14 25 81 76 44 26 92 18 75 31 49 64 42 83 26 38 2640 0.08 0.17 0.19 0.19 0.00 
5 859 1 110 114 103 134 118 75 63 70 77 39 52 72 65 98 64 34 84 72 72 100 16 77 40 95 32 64 83 22 46 24 2880 0.07 0.07 0.18 0.10 0.11 
6 745 503 133 138 126 141 101 37 79 17 61 64 84 88 52 87 93 78 49 12 74 13 85 100 59 25 12 16 72 39 88 44 2730 0.17 0.14 0.11 0.10 0.17 
7 213 245 147 140 125 130 112 93 14 46 73 44 74 17 11 19 91 29 67 63 42 35 70 22 68 80 53 31 53 34 35 94 2820 0.16 0.12 0.14 0.00 0.03 
8 602 664 125 123 109 121 124 73 54 99 35 72 87 65 89 73 35 93 14 67 82 34 68 20 13 19 49 25 24 99 65 86 2550 0.12 0.15 0.02 0.12 0.08 
9 209 790 104 109 133 132 123 75 56 99 37 100 94 43 50 12 100 66 18 98 16 33 66 49 20 99 58 47 28 78 19 52 3860 0.20 0.14 0.11 0.05 0.05 
10 385 339 120 142 129 149 144 97 23 61 18 79 67 46 14 91 12 100 62 62 44 61 21 69 82 33 13 52 97 63 70 54 2895 0.02 0.05 0.08 0.13 0.00 
11 782 966 147 119 107 114 110 80 66 63 83 27 96 60 89 74 33 17 17 21 66 59 80 80 22 54 62 40 18 33 56 84 2655 0.06 0.07 0.08 0.02 0.04 
12 513 317 126 125 116 133 124 48 28 89 56 35 28 52 16 34 31 45 36 99 59 27 43 72 89 93 41 31 62 62 76 21 3260 0.16 0.17 0.19 0.06 0.12 
13 735 123 126 106 139 130 149 45 67 81 30 63 80 73 85 47 68 88 60 48 52 80 13 18 71 18 50 79 32 96 87 100 3100 0.10 0.16 0.15 0.02 0.11 
14 35 360 112 131 113 118 150 16 55 11 24 42 61 83 54 22 48 82 55 100 24 85 19 72 82 100 56 18 72 54 79 55 2445 0.17 0.14 0.02 0.08 0.05 
15 119 918 103 148 118 145 115 92 97 28 14 41 65 54 57 47 24 29 75 35 58 83 11 61 13 62 35 67 62 50 65 100 2940 0.10 0.11 0.08 0.14 0.03 
16 186 924 127 121 129 132 106 44 56 42 23 36 100 45 51 57 98 21 21 88 35 78 74 42 48 99 77 44 92 97 19 78 2355 0.11 0.02 0.06 0.03 0.17 
17 571 802 143 143 125 137 102 76 55 42 39 66 26 90 82 26 64 63 24 52 66 19 62 27 34 29 53 41 72 44 93 60 2820 0.19 0.01 0.05 0.08 0.13 
18 22 41 103 107 104 122 124 54 69 18 29 83 32 48 91 78 99 11 79 21 97 20 92 64 55 85 91 33 22 70 35 46 3380 0.04 0.01 0.20 0.06 0.07 
19 852 892 111 116 129 106 111 20 30 63 78 82 50 79 12 84 32 38 17 56 31 91 91 25 65 66 56 47 93 37 11 23 3260 0.08 0.01 0.03 0.12 0.03 
20 33 47 145 131 139 136 144 59 98 17 24 88 31 18 65 50 60 66 25 86 71 24 59 24 53 89 78 62 94 49 54 51 2835 0.06 0.14 0.09 0.08 0.18 
21 30 832 136 134 127 119 148 35 95 29 65 60 51 30 19 81 40 33 28 62 58 41 59 47 19 22 75 34 71 42 72 41 2985 0.09 0.20 0.14 0.10 0.02 
22 258 608 132 109 145 111 132 62 11 53 46 33 59 43 63 65 53 74 64 35 94 87 88 20 35 75 50 18 99 31 49 52 3840 0.11 0.05 0.07 0.01 0.13 
23 516 638 146 104 123 130 140 11 75 21 61 100 85 94 74 41 81 65 17 85 67 24 88 25 35 39 76 42 93 90 68 79 3520 0.15 0.00 0.04 0.19 0.08 
24 519 338 117 146 115 137 126 97 17 61 42 34 26 90 42 99 39 85 67 83 36 99 77 66 16 76 54 11 51 38 36 74 3520 0.05 0.11 0.14 0.17 0.08 
25 376 991 126 122 105 121 135 26 90 38 33 36 16 61 54 42 37 99 64 25 97 27 87 52 90 52 58 76 75 73 85 59 3320 0.11 0.05 0.02 0.13 0.09 
26 272 773 104 144 127 144 140 86 19 29 57 69 71 66 60 87 52 77 93 73 87 31 22 67 57 76 64 81 88 54 60 68 2310 0.07 0.00 0.12 0.08 0.12 
27 457 591 109 110 131 104 120 39 31 65 54 97 26 46 91 24 57 33 84 73 66 64 71 76 80 91 79 42 62 96 90 40 3300 0.01 0.01 0.20 0.11 0.15 
28 23 199 145 145 138 119 149 42 12 100 51 86 76 51 98 36 74 67 26 65 12 57 97 99 70 36 63 85 44 62 93 85 3720 0.16 0.14 0.07 0.20 0.14 
29 941 606 140 136 124 147 118 39 81 25 25 47 42 100 48 71 58 40 83 61 29 29 42 74 40 80 19 44 16 35 82 84 3660 0.01 0.01 0.02 0.17 0.14 
30 378 764 128 102 105 146 127 76 52 14 73 82 33 62 67 78 93 69 34 100 76 29 100 63 51 80 47 39 46 26 87 73 3860 0.07 0.16 0.07 0.04 0.18 
