40 5 3 3 7462
322 758
5179 5010 5138 5117 5000 5080 5000 2040 4120 3880 2080 5200 5320 3520 4480 2240 4840 5200 4880 4480 0.01 0.01 0.01 0.01 0.01 
1 928 491 128 139 111 111 133 99 30 50 96 41 99 78 48 15 52 63 22 23 81 32 3380 0.17 0.11 0.08 0.19 0.03 
2 454 441 128 115 146 121 139 77 63 100 65 59 53 19 53 72 57 35 97 98 99 83 2550 0.17 0.10 0.19 0.08 0.18 
3 529 263 135 107 121 103 117 20 18 60 69 17 89 59 45 35 69 42 57 38 79 90 3220 0.17 0.20 0.15 0.07 0.19 
4 77 786 128 148 114 131 114 58 71 13 30 89 86 77 13 46 89 98 42 16 86 20 3340 0.03 0.14 0.16 0.03 0.09 
5 728 72 141 114 133 133 115 19 51 84 15 63 22 49 99 70 44 95 91 88 21 98 2295 0.19 0.02 0.15 0.13 0.18 
6 345 595 112 123 104 126 120 42 35 62 71 92 87 66 80 33 11 35 60 78 52 45 4000 0.04 0.09 0.09 0.06 0.04 
7 230 708 107 143 136 110 106 70 18 28 69 99 27 47 11 40 86 93 79 52 36 87 2850 0.08 0.01 0.19 0.17 0.10 
8 177 805 146 124 103 134 111 38 97 69 24 25 66 93 40 21 69 88 40 66 50 27 3960 0.19 0.05 0.19 0.20 0.03 
9 172 686 142 140 139 150 147 96 16 65 36 100 67 28 41 42 13 87 78 26 91 56 3580 0.14 0.12 0.01 0.19 0.11 
10 920 121 147 144 145 141 112 79 88 23 52 66 72 33 22 83 53 91 27 30 68 17 2895 0.04 0.01 0.09 0.16 0.03 
11 844 479 141 107 131 102 102 94 47 21 59 57 85 80 88 61 70 75 96 53 86 42 2310 0.03 0.05 0.17 0.04 0.14 
12 549 412 126 127 139 118 133 99 59 84 69 26 56 100 32 18 82 99 70 56 82 22 3500 0.01 0.15 0.18 0.06 0.11 
13 934 735 106 110 138 140 132 88 79 14 62 49 14 94 42 39 50 40 21 99 81 17 2310 0.09 0.19 0.17 0.04 0.18 
14 722 388 108 141 118 130 138 59 90 93 93 91 51 56 80 86 71 25 89 88 50 60 3520 0.19 0.07 0.04 0.18 0.04 
15 733 644 108 115 149 144 138 49 60 28 15 17 30 57 22 50 60 89 59 39 20 61 3180 0.19 0.12 0.12 0.06 0.15 
16 594 238 145 119 136 113 135 25 34 93 13 83 79 64 73 28 74 16 35 26 60 91 2895 0.07 0.04 0.17 0.19 0.16 
17 642 318 105 108 141 120 104 21 49 13 94 39 47 17 18 91 35 28 15 52 67 55 2535 0.02 0.18 0.05 0.06 0.16 
18 272 692 137 124 119 147 143 76 91 19 56 53 32 52 59 53 49 83 83 87 74 70 2520 0.19 0.07 0.05 0.17 0.13 
19 991 770 127 144 150 146 114 45 61 61 69 89 94 20 40 77 82 87 68 31 86 13 2970 0.12 0.06 0.12 0.19 0.11 
20 310 164 118 106 140 117 111 78 56 57 16 96 58 89 83 65 21 84 23 14 39 27 3260 0.04 0.00 0.08 0.10 0.12 
21 385 923 129 145 123 142 110 14 62 42 70 69 27 78 72 16 37 47 33 60 30 37 3760 0.11 0.08 0.15 0.12 0.16 
22 770 436 137 101 113 126 106 14 90 37 31 86 86 12 13 29 18 41 61 25 85 65 3820 0.20 0.06 0.10 0.08 0.00 
23 237 287 122 108 146 127 150 62 74 30 11 46 34 32 75 49 55 73 55 34 60 61 2955 0.02 0.02 0.17 0.07 0.13 
24 91 369 134 141 110 134 133 79 94 69 24 72 14 96 51 94 51 79 24 33 60 99 3240 0.02 0.00 0.03 0.04 0.17 
25 540 164 114 121 142 121 141 20 49 20 70 24 79 79 89 36 83 57 32 32 97 46 3740 0.18 0.03 0.06 0.19 0.06 
26 185 586 149 117 118 106 137 68 73 74 82 39 90 17 30 36 18 17 40 90 52 48 3740 0.15 0.15 0.19 0.18 0.01 
27 156 713 140 128 105 137 144 48 32 26 57 84 53 73 62 54 49 11 24 92 91 96 3360 0.02 0.07 0.14 0.17 0.06 
28 387 546 149 104 130 103 130 58 43 53 58 24 88 29 35 28 40 34 28 99 34 84 2865 0.13 0.06 0.00 0.00 0.00 
29 671 102 113 131 138 118 134 89 13 34 18 65 92 52 85 11 65 80 67 59 59 49 3660 0.01 0.18 0.01 0.06 0.18 
30 317 212 115 107 113 136 144 30 68 31 91 65 92 56 74 20 75 47 57 66 96 27 3080 0.12 0.16 0.02 0.10 0.17 
31 301 482 117 128 147 142 109 68 20 85 92 69 39 22 46 64 55 56 21 64 79 57 3500 0.05 0.17 0.01 0.01 0.19 
32 119 66 145 128 114 126 110 33 74 72 20 20 86 49 94 51 19 88 38 60 81 79 2835 0.16 0.17 0.16 0.14 0.18 
33 235 333 150 137 136 129 140 35 24 29 48 75 70 61 99 95 12 40 76 68 91 100 3820 0.19 0.12 0.03 0.16 0.08 
34 909 696 128 129 129 150 113 75 34 100 15 59 87 80 44 91 90 58 80 33 30 49 3780 0.14 0.02 0.19 0.06 0.05 
35 282 537 146 135 124 110 114 32 75 81 74 30 60 69 90 64 81 94 53 35 34 23 2730 0.07 0.17 0.12 0.08 0.16 
36 504 751 129 104 137 146 135 73 91 20 33 27 73 38 19 72 72 87 59 40 49 90 3820 0.05 0.16 0.18 0.03 0.09 
37 535 71 132 150 137 110 134 12 63 16 34 15 76 39 80 77 13 55 70 14 87 81 2385 0.07 0.13 0.12 0.03 0.10 
38 869 681 143 141 135 142 105 79 100 43 67 87 78 24 79 61 17 97 20 67 61 27 3260 0.03 0.09 0.07 0.16 0.00 
39 342 829 132 124 113 140 113 61 13 63 46 55 79 85 11 59 62 14 70 23 83 38 2985 0.02 0.18 0.12 0.11 0.05 
40 253 681 120 133 115 135 134 47 24 73 76 84 47 24 82 29 40 81 38 12 47 69 2955 0.12 0.15 0.07 0.09 0.07 
