50 5 3 5 9046
696 39
6112 6204 6266 6269 6314 6250 3400 3950 6200 4350 5200 5950 5100 3450 5350 5050 6500 3700 5800 5750 3750 3950 3150 3800 6900 3850 5650 3600 5500 5650 0.01 0.01 0.01 0.01 0.01 
1 781 338 128 134 105 146 113 26 85 97 13 80 24 31 17 26 100 100 42 98 18 28 77 39 53 32 57 76 24 37 48 17 4000 0.17 0.03 0.17 0.06 0.01 
2 766 824 102 139 109 121 122 64 78 21 79 39 76 46 69 51 23 55 44 15 61 71 87 71 87 62 70 21 80 19 49 38 2550 0.16 0.08 0.02 0.02 0.14 
3 644 844 122 135 124 103 123 41 99 47 90 16 94 66 65 74 14 61 27 94 83 89 53 38 63 74 87 35 18 74 24 80 3560 0.04 0.11 0.17 0.08 0.03 
4 61 490 147 105 142 150 127 94 80 71 28 40 74 74 76 99 26 61 52 13 65 76 39 89 51 23 88 95 86 21 45 26 2985 0.03 0.18 0.04 0.17 0.15 
5 468 573 108 135 120 125 126 85 60 77 11 72 65 36 55 36 26 76 38 44 35 85 97 29 97 23 29 19 90 55 96 99 2340 0.09 0.06 0.03 0.13 0.03 
6 359 7 101 115 144 146 140 17 34 91 11 99 97 85 65 26 82 22 56 25 78 64 33 21 64 90 67 17 12 80 56 65 2265 0.07 0.13 0.15 0.19 0.15 
7 823 69 136 102 132 118 112 18 97 41 14 70 28 99 12 84 31 47 73 40 45 41 76 86 96 16 17 68 80 13 81 33 3400 0.12 0.10 0.05 0.01 0.18 
8 856 833 104 150 139 132 119 18 57 30 30 56 59 90 84 52 27 47 32 38 65 52 67 84 91 51 23 82 44 76 83 50 3240 0.02 0.15 0.02 0.07 0.18 
9 547 172 124 120 139 105 102 52 39 70 21 37 100 53 95 68 72 58 74 14 39 17 66 89 48 15 32 62 47 33 26 15 3780 0.17 0.17 0.19 0.09 0.01 
10 467 398 109 106 135 147 122 89 86 26 28 95 83 86 57 81 51 29 17 29 75 30 60 97 69 83 65 96 55 95 45 87 3980 0.17 0.05 0.02 0.05 0.04 
11 190 163 140 146 136 110 143 63 18 41 60 88 78 25 29 95 74 25 18 42 91 13 85 99 35 97 50 55 15 54 98 21 2820 0.17 0.12 0.03 0.08 0.14 
12 752 744 106 149 114 130 126 98 17 39 75 32 17 22 100 54 97 78 55 100 77 99 83 59 76 25 46 27 64 83 17 43 2580 0.02 0.18 0.04 0.05 0.14 
13 128 170 127 103 124 121 132 60 79 93 20 56 19 85 45 22 67 50 43 39 49 60 32 28 49 27 89 28 51 97 13 11 3940 0.06 0.00 0.17 0.15 0.07 
14 700 32 132 150 111 104 112 33 12 57 26 51 16 90 11 21 73 59 89 30 89 68 48 70 33 69 68 68 58 12 74 46 2775 0.03 0.09 0.18 0.06 0.10 
15 533 751 115 116 113 138 113 76 23 95 55 72 75 22 64 97 21 29 79 15 62 98 25 34 98 16 50 60 22 11 93 88 2955 0.16 0.01 0.15 0.16 0.18 
16 259 153 115 128 130 102 112 83 40 85 30 20 34 71 23 48 47 98 14 47 25 63 78 56 97 80 32 57 55 29 57 73 2565 0.07 0.02 0.09 0.08 0.04 
17 477 604 135 114 132 145 121 93 97 30 90 56 88 71 47 60 48 56 27 38 67 36 47 82 16 60 12 64 16 100 25 87 2820 0.08 0.06 0.19 0.10 0.07 
18 958 498 111 101 150 125 144 100 67 84 15 75 42 93 88 75 40 81 51 33 17 15 16 81 76 79 79 48 19 75 24 72 2385 0.18 0.18 0.08 0.05 0.18 
19 682 88 113 129 128 123 149 83 43 20 14 75 88 81 27 39 49 15 27 89 21 26 47 39 69 80 89 42 33 79 30 28 2985 0.14 0.00 0.05 0.05 0.03 
20 94 420 107 132 145 144 113 100 81 49 59 47 47 57 42 44 55 64 87 73 16 80 47 100 74 45 48 38 57 91 96 79 3520 0.09 0.13 0.02 0.15 0.20 
21 743 572 123 102 117 107 118 53 30 37 36 84 98 51 93 54 87 28 32 91 53 59 44 54 77 38 11 65 44 94 77 55 2535 0.18 0.15 0.01 0.07 0.04 
22 62 668 113 117 103 130 111 52 50 20 95 67 85 71 51 31 66 60 56 19 66 20 59 48 59 39 96 38 43 16 72 92 2610 0.06 0.02 0.12 0.04 0.07 
23 779 62 121 150 140 119 141 60 55 56 68 14 76 31 21 28 42 39 70 68 98 59 65 30 53 65 75 15 40 87 72 86 2430 0.05 0.15 0.18 0.02 0.06 
24 156 366 145 124 120 132 134 42 19 44 52 47 19 96 75 70 60 74 25 31 72 29 20 52 45 82 66 98 73 95 80 94 3700 0.08 0.15 0.18 0.20 0.09 
25 974 500 102 104 143 133 137 69 68 86 25 41 45 64 42 94 73 90 16 11 31 13 78 45 28 11 79 95 18 81 36 12 2580 0.03 0.04 0.06 0.15 0.12 
26 482 475 150 109 136 102 126 92 88 25 37 39 89 22 85 61 89 41 51 59 83 46 64 71 30 42 32 78 82 12 15 42 3520 0.01 0.16 0.11 0.11 0.03 
27 661 153 117 132 136 135 134 76 75 34 94 15 14 50 72 69 13 88 96 25 91 35 92 92 90 87 87 31 58 100 56 49 3820 0.11 0.19 0.18 0.02 0.01 
28 381 741 144 111 127 123 117 74 93 96 67 42 43 33 78 38 24 79 63 17 15 45 15 90 27 28 81 68 57 23 23 59 3320 0.09 0.03 0.07 0.10 0.13 
29 273 351 112 146 144 125 137 46 71 68 67 50 35 54 26 51 58 30 38 86 22 95 34 17 52 70 23 60 76 74 30 44 2745 0.14 0.11 0.15 0.02 0.17 
30 494 516 128 103 132 138 119 51 86 41 56 15 93 26 25 86 12 89 33 95 75 83 100 64 27 16 36 44 80 16 22 14 3060 0.13 0.10 0.07 0.01 0.09 
31 10 757 102 129 108 137 142 69 90 20 51 40 98 14 76 81 65 98 70 27 17 14 22 77 61 11 71 37 95 27 67 11 2325 0.11 0.20 0.19 0.03 0.15 
32 497 468 144 125 132 125 128 15 63 33 44 60 22 28 19 69 40 29 92 17 47 80 64 46 12 47 73 19 18 18 35 85 3300 0.16 0.20 0.15 0.13 0.11 
33 747 223 111 138 127 135 138 53 26 20 37 96 44 43 80 97 58 60 94 50 44 64 51 89 94 40 43 82 71 81 83 14 3460 0.18 0.14 0.18 0.07 0.09 
34 193 246 126 150 134 123 116 67 36 51 44 85 45 81 60 91 31 46 61 42 42 42 22 76 67 11 90 53 62 57 15 49 2970 0.13 0.15 0.20 0.07 0.17 
35 656 969 122 140 103 107 119 55 86 20 54 32 47 63 25 62 37 81 37 79 55 42 11 46 41 48 43 20 43 96 66 39 2295 0.08 0.04 0.20 0.00 0.07 
36 319 519 134 112 111 144 122 99 11 48 50 81 80 35 15 72 87 64 86 97 60 95 55 60 29 45 14 59 67 14 55 13 2340 0.02 0.10 0.18 0.13 0.03 
37 37 27 143 129 131 116 138 95 53 18 97 17 55 28 87 45 35 26 69 12 41 27 96 34 33 47 89 51 92 87 86 82 3120 0.18 0.19 0.18 0.17 0.03 
38 802 714 131 102 134 110 103 94 23 82 92 90 56 30 29 38 25 22 23 41 97 25 46 11 65 13 18 75 32 64 15 39 2895 0.20 0.20 0.19 0.03 0.15 
39 130 948 114 118 129 143 115 27 20 89 68 32 60 80 78 95 25 21 28 47 13 54 28 59 59 20 21 77 16 71 32 14 3980 0.02 0.01 0.11 0.19 0.05 
40 161 162 123 146 126 120 130 40 55 16 69 28 68 30 38 36 47 46 18 58 41 84 63 16 29 67 64 43 62 100 92 76 2295 0.00 0.02 0.05 0.02 0.01 
41 970 316 138 129 117 118 144 99 79 11 85 25 94 17 92 19 69 89 87 74 88 30 88 73 62 47 55 13 42 53 48 13 4000 0.18 0.16 0.12 0.14 0.19 
42 751 148 121 125 113 108 120 11 12 25 59 90 84 78 82 70 27 32 25 99 11 80 53 27 95 49 29 61 30 57 11 77 2805 0.03 0.04 0.07 0.07 0.16 
43 144 422 112 119 107 116 108 67 54 85 21 75 71 75 41 25 80 72 28 37 29 40 38 92 85 77 48 27 32 24 56 54 3100 0.03 0.13 0.14 0.01 0.19 
44 568 255 101 101 101 148 136 14 29 82 75 90 11 71 90 19 98 56 74 80 31 90 44 97 17 41 73 43 34 22 19 97 2880 0.07 0.13 0.12 0.16 0.13 
45 701 196 108 125 103 103 130 95 98 15 76 15 17 35 29 70 30 38 23 88 67 55 78 64 69 55 75 13 29 19 88 72 2775 0.03 0.01 0.19 0.07 0.10 
46 473 291 140 150 122 144 142 56 83 28 70 20 57 77 85 81 16 50 23 74 32 25 93 64 26 52 20 60 70 89 34 59 3840 0.12 0.06 0.07 0.02 0.16 
47 85 710 144 113 133 116 125 25 24 90 24 25 49 47 78 92 91 69 42 12 64 53 52 76 81 16 97 90 97 70 97 37 2835 0.11 0.09 0.09 0.12 0.09 
48 42 786 124 135 120 109 150 62 18 81 54 76 17 92 78 91 43 71 100 63 68 51 89 48 86 54 28 84 87 14 76 71 3580 0.04 0.17 0.17 0.02 0.11 
49 801 17 111 101 116 147 117 64 33 12 69 55 31 22 52 42 62 28 15 68 16 88 71 26 76 52 44 40 94 33 56 28 3240 0.12 0.16 0.06 0.02 0.06 
50 75 605 126 110 129 121 146 29 26 79 69 95 36 62 33 93 32 68 74 43 26 65 48 20 68 64 34 64 48 12 18 63 2925 0.12 0.00 0.04 0.12 0.02 
