100 1 1 7 10932
454 221
12575 6400 5300 13700 11200 11600 9000 7600 0.01 
1 368 561 124 48 25 64 74 74 17 71 704 0.05 
2 177 265 107 47 11 96 39 67 34 62 728 0.02 
3 826 892 106 84 33 11 91 71 11 15 736 0.13 
4 0 774 104 48 28 83 18 59 30 19 600 0.18 
5 671 220 109 40 51 83 69 86 66 53 704 0.18 
6 959 979 147 74 90 53 70 42 52 87 546 0.01 
7 731 456 134 67 18 78 38 92 69 40 537 0.04 
8 748 117 102 98 17 25 20 67 51 99 728 0.18 
9 941 728 106 34 17 25 15 57 82 22 724 0.04 
10 995 131 111 95 38 30 36 15 27 94 468 0.19 
11 471 94 144 55 40 96 13 59 82 19 534 0.18 
12 367 405 126 39 77 71 52 15 27 79 465 0.06 
13 416 391 139 52 58 98 90 41 52 29 558 0.01 
14 609 589 101 69 55 70 80 19 60 56 483 0.12 
15 514 78 141 62 76 24 59 91 66 69 465 0.05 
16 227 682 136 60 11 70 88 65 91 42 480 0.04 
17 583 814 105 46 52 52 77 11 13 53 522 0.08 
18 909 243 136 48 94 51 72 95 100 34 708 0.13 
19 696 563 148 38 82 71 67 77 16 18 732 0.03 
20 408 837 128 96 81 25 91 78 24 46 620 0.05 
21 704 882 145 27 58 23 96 83 12 40 712 0.14 
22 799 238 115 55 45 15 93 28 62 73 616 0.17 
23 249 872 121 55 79 97 25 86 23 34 573 0.11 
24 225 105 116 30 67 83 56 51 89 52 604 0.15 
25 578 809 144 73 17 85 22 36 91 52 660 0.04 
26 170 34 124 29 97 63 80 69 82 46 640 0.10 
27 841 104 106 73 62 24 78 39 48 84 573 0.10 
28 540 429 115 71 51 13 61 52 83 57 582 0.03 
29 609 748 128 37 58 72 30 13 96 43 700 0.16 
30 713 987 101 87 93 64 48 47 86 51 744 0.08 
31 935 247 103 58 31 96 30 100 32 77 489 0.08 
32 749 117 150 66 69 84 36 67 70 28 680 0.09 
33 277 194 128 65 63 22 19 21 31 91 800 0.01 
34 635 535 114 54 71 16 89 78 72 19 591 0.02 
35 867 768 121 14 91 23 75 68 40 90 712 0.13 
36 479 193 133 62 41 69 91 67 22 61 516 0.13 
37 816 639 106 92 96 48 29 52 14 19 752 0.07 
38 653 911 127 54 80 80 43 98 93 74 692 0.11 
39 835 246 106 54 34 97 23 37 88 71 744 0.04 
40 592 9 135 17 65 44 35 84 87 15 680 0.16 
41 338 720 112 90 32 22 85 86 65 18 796 0.01 
42 787 460 144 37 20 60 65 99 28 81 546 0.09 
43 533 582 114 99 72 100 53 53 51 75 780 0.03 
44 478 281 130 19 89 24 17 19 13 79 597 0.13 
45 851 108 107 51 25 63 20 56 24 81 664 0.11 
46 226 775 141 43 13 29 36 58 89 24 668 0.08 
47 345 470 133 53 77 12 52 60 14 66 552 0.18 
48 560 530 150 53 41 87 97 80 29 99 744 0.06 
49 947 634 123 56 65 65 95 30 18 71 453 0.13 
50 160 489 150 62 63 30 17 93 34 48 540 0.15 
51 370 265 123 66 88 89 46 28 96 62 510 0.17 
52 417 328 126 24 81 64 13 37 25 65 724 0.09 
53 757 993 127 61 98 100 93 87 27 80 780 0.06 
54 38 158 101 22 71 97 34 48 20 66 768 0.00 
55 224 768 137 97 86 40 27 36 52 24 552 0.19 
56 643 495 115 80 34 21 17 79 85 77 672 0.18 
57 631 905 145 58 65 52 86 64 11 33 748 0.00 
58 556 747 127 91 16 61 27 95 92 13 537 0.18 
59 318 310 132 21 13 91 46 40 100 100 591 0.16 
60 310 300 128 60 40 78 13 36 30 19 501 0.16 
61 391 352 111 90 81 34 26 88 96 80 644 0.04 
62 286 782 117 39 17 34 97 89 45 37 628 0.18 
63 759 7 107 84 71 14 84 54 93 27 764 0.14 
64 483 9 118 12 21 50 93 63 78 61 704 0.06 
65 471 800 135 43 89 15 49 12 51 72 498 0.06 
66 273 995 136 30 30 24 31 77 77 94 604 0.05 
67 902 51 120 81 45 51 56 64 83 45 688 0.07 
68 317 393 114 18 69 61 71 21 42 90 525 0.09 
69 711 839 113 44 25 51 77 32 31 73 664 0.01 
70 291 906 143 38 69 91 82 71 60 50 644 0.05 
71 732 3 136 91 90 58 60 86 92 36 760 0.08 
72 542 579 102 45 80 50 17 49 40 75 459 0.07 
73 315 287 150 71 86 56 95 83 98 84 507 0.02 
74 581 627 130 13 15 25 95 48 60 36 534 0.12 
75 801 663 137 51 51 68 25 30 91 11 591 0.11 
76 649 535 127 56 13 57 51 20 59 56 495 0.17 
77 522 646 135 25 28 34 68 45 37 18 453 0.11 
78 164 295 129 53 47 62 86 21 17 88 672 0.20 
79 673 91 132 43 71 43 34 27 57 52 656 0.20 
80 296 893 130 41 72 70 95 49 22 94 672 0.09 
81 547 803 135 78 58 22 94 93 54 64 788 0.07 
82 44 842 119 19 66 33 92 29 25 63 546 0.10 
83 735 645 106 21 30 31 20 13 60 67 692 0.15 
84 671 251 117 57 48 79 37 43 87 54 752 0.14 
85 921 120 127 27 93 74 81 55 46 62 700 0.13 
86 587 6 138 38 33 71 95 68 27 94 620 0.06 
87 350 222 138 75 82 60 67 93 38 59 564 0.18 
88 696 481 138 70 46 38 43 36 27 65 513 0.15 
89 27 690 121 79 54 80 88 20 54 69 640 0.06 
90 684 35 125 27 84 56 47 36 26 82 510 0.10 
91 609 794 121 14 59 52 70 92 82 23 537 0.19 
92 160 330 131 86 13 63 16 43 79 89 594 0.08 
93 947 136 150 37 42 32 63 19 87 21 498 0.09 
94 983 510 123 24 14 63 13 19 49 15 522 0.18 
95 841 41 134 40 70 28 51 23 17 82 756 0.20 
96 956 79 127 37 96 94 56 44 69 60 724 0.17 
97 944 773 128 50 88 52 95 50 82 27 462 0.03 
98 796 653 143 94 16 15 35 17 41 82 624 0.09 
99 500 617 139 54 64 18 80 15 19 29 549 0.18 
100 155 414 136 35 19 23 89 42 16 94 519 0.05 
