50 3 5 7 3332
548 247
6281 6341 6333 4700 6600 6300 6650 4150 5250 2950 3950 3850 3400 5850 4450 5700 4850 6750 5400 4600 4450 7000 6850 4850 0.01 0.01 0.01 
1 291 587 112 130 118 40 43 49 83 54 27 68 91 98 86 74 33 57 30 98 68 24 98 53 23 74 1548 0.03 0.07 0.08 
2 739 671 131 130 113 48 76 17 82 30 85 49 75 98 58 11 31 67 82 64 11 25 23 54 89 87 1458 0.06 0.10 0.12 
3 13 156 139 133 125 44 48 90 26 67 36 64 62 62 49 24 82 67 95 30 58 59 95 63 47 81 1800 0.11 0.10 0.11 
4 434 781 150 106 147 47 71 26 62 89 51 78 64 39 80 78 72 46 72 27 81 26 21 43 24 53 2316 0.20 0.13 0.12 
5 580 582 147 134 125 23 37 59 37 26 99 14 25 94 36 92 27 71 25 49 96 99 60 38 22 12 1566 0.15 0.05 0.04 
6 680 166 111 135 104 12 68 24 38 45 74 41 88 86 78 79 12 100 94 48 89 83 59 78 56 61 1611 0.16 0.04 0.08 
7 225 174 124 118 145 25 58 30 14 92 93 96 81 81 73 59 82 72 14 72 54 62 30 32 17 42 1593 0.10 0.17 0.18 
8 866 58 112 106 145 56 15 66 59 97 58 16 38 86 27 49 29 50 14 21 58 59 93 41 65 34 2076 0.09 0.07 0.02 
9 508 54 143 145 150 38 13 84 48 99 42 53 31 90 31 31 18 70 35 43 82 63 35 74 79 20 1968 0.09 0.12 0.12 
10 214 432 126 133 114 34 62 30 33 22 23 38 44 27 46 64 87 16 88 48 31 68 34 94 46 43 2172 0.06 0.15 0.06 
11 756 55 125 121 136 23 88 12 45 99 25 34 20 51 22 35 89 27 75 64 95 98 87 51 96 82 1764 0.16 0.04 0.05 
12 687 591 101 101 139 38 44 20 35 95 86 58 57 60 82 81 48 99 55 24 12 38 63 52 33 44 1932 0.02 0.10 0.20 
13 231 149 137 102 113 75 43 13 61 37 88 71 44 82 79 76 82 39 31 52 32 49 14 35 34 99 1566 0.18 0.06 0.08 
14 380 760 120 112 103 94 65 12 17 53 51 77 46 20 80 22 91 18 42 59 25 13 25 49 36 75 1359 0.10 0.16 0.06 
15 640 266 128 105 112 18 65 54 24 69 95 52 40 23 49 13 14 56 96 67 20 69 81 20 94 17 2352 0.09 0.02 0.09 
16 641 377 103 146 140 46 47 50 59 15 96 62 88 75 23 90 40 69 86 35 57 65 67 67 58 73 1872 0.14 0.06 0.01 
17 876 682 137 113 134 100 18 39 21 23 87 72 74 98 99 25 37 67 100 53 57 87 19 75 96 82 1719 0.01 0.03 0.13 
18 65 587 105 146 104 33 65 42 43 39 28 66 53 64 75 67 52 94 29 46 75 22 17 49 70 50 1824 0.05 0.05 0.08 
19 901 936 124 108 146 77 92 61 19 30 78 36 82 51 70 49 93 63 67 61 93 92 67 93 61 16 1746 0.02 0.06 0.00 
20 478 929 147 125 140 95 73 47 65 92 77 91 58 93 18 58 85 71 76 83 30 18 11 22 30 16 2316 0.19 0.16 0.12 
21 349 930 102 107 145 55 73 48 20 64 24 62 34 54 19 43 91 41 71 75 90 24 75 64 95 42 1884 0.07 0.14 0.06 
22 783 16 140 148 112 92 92 79 11 17 54 24 77 30 78 72 20 71 42 45 83 53 20 46 47 51 2220 0.12 0.01 0.19 
23 320 574 144 148 103 15 27 75 15 85 29 81 57 100 84 28 71 54 21 50 94 90 21 91 36 24 1548 0.01 0.07 0.15 
24 351 332 137 132 143 16 47 51 72 32 69 14 26 13 20 95 73 25 16 65 61 61 75 51 48 88 1800 0.16 0.05 0.08 
25 519 259 120 144 138 59 80 44 30 63 64 86 41 88 99 36 23 24 93 40 53 97 14 93 96 54 2004 0.19 0.09 0.15 
26 886 982 111 128 150 83 19 75 64 72 39 49 69 89 21 94 63 34 48 25 90 94 29 83 52 34 1782 0.12 0.12 0.14 
27 947 652 150 102 143 87 37 77 12 98 67 13 36 91 31 81 15 16 29 31 18 96 11 52 47 86 2352 0.15 0.14 0.01 
28 551 528 136 147 141 94 65 21 57 24 78 59 65 11 68 97 15 73 77 55 47 64 17 88 62 92 1413 0.12 0.00 0.05 
29 161 74 118 137 107 57 48 82 66 61 21 24 75 25 65 33 29 90 100 96 46 50 13 85 11 56 1530 0.20 0.05 0.18 
30 177 702 109 148 105 75 69 88 40 81 98 15 34 81 95 56 62 84 17 80 52 50 44 89 50 89 1629 0.18 0.09 0.20 
31 505 51 137 131 112 45 46 50 36 27 47 92 70 73 51 77 34 35 84 66 87 20 99 75 22 87 2064 0.08 0.07 0.19 
32 887 232 107 132 104 96 91 41 83 69 39 74 60 46 28 37 31 14 20 69 96 63 67 71 36 15 2160 0.19 0.11 0.11 
33 992 963 108 103 121 14 81 85 86 11 24 22 73 19 95 99 40 60 70 28 66 97 46 88 33 12 1824 0.17 0.02 0.11 
34 738 677 132 142 142 20 83 19 57 83 32 30 56 39 68 17 30 27 76 44 93 98 41 80 30 43 2196 0.05 0.11 0.07 
35 211 154 119 138 126 30 83 48 77 27 31 58 77 86 96 45 15 23 72 18 65 28 49 44 99 43 1944 0.03 0.01 0.17 
36 178 782 130 113 143 26 34 43 54 50 25 11 91 87 36 87 53 48 59 17 23 90 17 56 88 49 2388 0.20 0.19 0.03 
37 601 854 145 145 104 97 14 67 50 16 81 50 34 88 32 72 93 31 30 38 42 16 44 50 93 45 2328 0.11 0.06 0.12 
38 121 252 117 135 150 97 76 21 98 43 54 48 39 87 99 100 79 29 30 18 23 100 52 24 55 86 1602 0.12 0.14 0.17 
39 930 919 120 114 138 26 79 45 24 21 50 23 78 99 100 40 40 80 21 88 33 86 39 99 40 76 2004 0.19 0.10 0.16 
40 795 691 133 143 104 39 12 75 14 22 76 26 54 76 22 83 67 92 55 41 77 38 31 37 67 96 1395 0.12 0.20 0.14 
41 843 998 105 148 135 92 67 78 95 40 53 72 58 47 26 92 66 69 46 99 75 45 81 11 63 38 1683 0.12 0.13 0.14 
42 671 751 128 128 126 71 92 98 27 84 51 88 98 86 65 90 51 86 35 46 99 54 27 100 16 54 2304 0.11 0.10 0.03 
43 179 342 127 116 131 85 25 20 11 98 60 88 57 36 12 98 76 87 33 32 83 39 48 44 45 54 1692 0.02 0.03 0.15 
44 241 129 130 122 103 22 54 82 75 14 93 62 11 49 51 99 77 89 83 21 27 52 20 61 48 63 2352 0.09 0.00 0.03 
45 616 571 130 137 113 90 86 73 26 51 65 40 28 78 93 78 54 81 22 53 38 19 25 50 18 77 1860 0.07 0.02 0.09 
46 843 80 145 104 103 48 14 47 63 54 11 92 80 70 87 57 75 30 30 34 58 64 48 59 71 77 1992 0.10 0.10 0.04 
47 270 342 116 125 149 89 89 77 13 42 40 95 19 26 75 28 52 56 47 79 56 98 79 15 69 55 1872 0.10 0.11 0.08 
48 184 279 120 101 137 91 39 80 94 32 19 88 79 65 46 58 16 91 95 31 12 48 99 68 68 53 1557 0.18 0.04 0.06 
49 788 777 136 139 142 46 63 41 39 47 11 78 41 42 91 89 47 43 45 63 46 49 62 66 16 66 1932 0.12 0.10 0.05 
50 606 175 107 135 110 60 54 80 50 52 80 27 21 58 49 61 56 81 95 43 92 43 94 19 48 60 1800 0.08 0.15 0.02 
